-1.4518180236816403
-2.9383259882926938
-3.8369674525260935
-4.5438862553702455
-5.258610742145114
-5.992986338880327
-6.610465358045367
-7.252340160566217
-7.79201990514643
-8.314042167551376
-8.834523555433787
-9.310475078105926
-9.815351982611253
-10.263345016185713
-10.700133615793462
-11.160732199094614
-11.585720762453581
-12.047847461837735
-12.453219814572169
-12.888308558347426
-13.308392650134163
-13.72632054573038
-14.149279196728978
-14.603802681645867
-15.023740947036265
-15.424998296170127
-15.79529155767862
-16.1643233623885
-16.53016098155186
-16.921563601225554
-17.263037778613874
-17.61817274378512
-17.96153416606453
-18.302873304519395
-18.649401996107933
-18.993112448886063
-19.330391068041784
-19.660141598044937
-19.980145800352062
-20.310676087492624
-20.65835958679263
-20.974370231012845
-21.31111485936059
-21.669719674880458
-21.998866536545442
-22.325219033911235
-22.670284220697567
-22.997946372392974
-23.32825344937025
-23.651050057815688
-23.946047399089302
-24.262681402102267
-24.573784454355053
-24.899827888073283
-25.23186637929854
-25.527870607088026
-25.807891878455745
-26.151363607562406
-26.43945215549414
-26.72503005448399
-27.014688512624847
-27.277938654635186
-27.56697978014286
-27.85826033836343
-28.149539258996846
-28.42586604961044
-28.710415741942747
-29.012877090900634
-29.269924024226267
-29.56186763708678
-29.860116589985545
-30.152311452384893
-30.44025162421692
-30.69877116760227
-30.97196097839801
-31.251858042939183
-31.512525864296382
-31.78833631354085
-32.074246589579374
-32.36958408189875
-32.67438170849515
-32.931757136634886
-33.18255569121588
-33.44491775322941
-33.70724259256774
-34.004132546961394
-34.25841536434203
-34.544716576573016
-34.852626591723144
-35.1338743814592
-35.368927774348656
-35.65979521640982
-35.925073008024704
-36.17233188315928
-36.483915221820624
-36.777619421372144
-37.03314531301397
-37.29513625588542
-37.59841114029192
-37.86898035676612
-38.15803007493328
-38.43945861306672
-38.70585341633239
-38.96430493017495
-39.208917946889024
-39.46129412090475
-39.75525143793535
-40.01777705529855
-40.261752324286064
-40.493459229386346
-40.73513876047347
-41.005616565344226
-41.286517848224236
-41.538465500514555
-41.79946297136832
-42.06959110497003
-42.313062005269806
-42.55756881231916
-42.819506845701305
-43.046707218528454
-43.29474381208951
-43.54160500700664
-43.78546552185182
-44.03607182705182
-44.25127657029737
-44.512778445426946
-44.777608563297655
-45.01470810502573
-45.2587217246777
-45.52583493031778
-45.7963788879761
-46.03272993856439
-46.278604676015654
-46.53335399515907
-46.75519345284748
-47.008585595319644
-47.2411768221924
-47.4639607286564
-47.711975758912224
-47.94715214483758
-48.189329411093986
-48.39114303725325
-48.649102325710004
-48.88015752403139
-49.14030754472191
-49.37833758043408
-49.59443515906046
-49.83694801579195
-50.0925376934074
-50.353678742690875
-50.57176245507615
-50.81252359272509
-51.04569296710495
-51.26971660816963
-51.50314913633877
-51.692252932905504
-51.91476442053057
-52.108908316787236
-52.38342884177874
-52.62766420754497
-52.873289009089724
-53.12106805275324
-53.36733964271896
-53.59342589036272
-53.842726913621384
-54.07027652489451
-54.331337891408374
-54.5641897265559
-54.767283712964996
-54.99090584025036
-55.22356297801461
-55.45864424617915
-55.68703576202769
-55.92352929638494
-56.15902001530529
-56.38271229379134
-56.61798537388667
-56.83693963755933
-57.08895451414284
-57.30004664789758
-57.54675793740779
-57.778287703300414
-58.03191212422182
-58.24509920165421
-58.50898932860591
-58.75277632976667
-58.98094017888898
-59.205349587967156
-59.42482190394398
-59.68211024989172
-59.92251251577096
-60.16467962869671
-60.397976365173534
-60.582194721586504
-60.80535838997117
-61.031441072031996
-61.277022090923545
-61.493303510082605
-61.72345376607268
-61.94287790940707
-62.17441813687885
-62.38265634816139
-62.61748679971317
-62.845742168028416
-63.07778160230046
-63.31672887900679
-63.52251358757055
-63.75034189113548
-63.92695754368876
-64.1088062012076
-64.32038677206154
-64.54192768517218
-64.73368092930791
-64.94316899408327
-65.17045042391678
-65.37832428644481
-65.56220957449938
-65.75001616592571
-65.96282409593665
-66.18605644618243
-66.42201805899519
-66.61201843823692
-66.81403793904215
-67.01732138132456
-67.2318235107593
-67.43629703548983
-67.66367234593103
-67.85970859622698
-68.09243689686457
-68.31442293636806
-68.51965867983468
-68.7211412674458
-68.93133426898834
-69.12821829916264
-69.38749149909204
-69.5871221450383
-69.80407413986057
-70.02573751534052
-70.31407365692039
-70.54034291262766
-70.76007870134782
-70.97490594458331
-71.18036697289232
-71.37395733930138
-71.60529598049973
-71.77994627227173
-71.99913893155386
-72.2137753645992
-72.41629250006483
-72.65585085251416
-72.87360476870855
-73.10375408155753
-73.32196052635
-73.52966848017404
-73.73981871804499
-73.9781423055352
-74.18612784917798
-74.38412415200096
-74.57512286286128
-74.79386147080385
-75.01219200408562
-75.23028837811263
-75.42540122641493
-75.62724042417494
-75.84002062751202
-76.04007360688806
-76.26124889146638
-76.46913147294957
-76.66888514900772
-76.89539706343666
-77.08259707288566
-77.31670951576868
-77.51922815437862
-77.70554515798557
-77.90929134936677
-78.11338421979978
-78.31098242940845
-78.51407925684626
-78.70882886174266
-78.8967982102705
-79.09912048866362
-79.32628087921415
-79.53981695792818
-79.74363635552645
-79.89729296302932
-80.09349773064648
-80.27575220064644
-80.43613578204805
-80.64197373085094
-80.92292735570487
-81.0768938807277
-81.3373513959627
-81.5509385889601
-81.82010800777854
-82.05555650771275
-82.27211916869891
-82.48396249789099
-82.68615621141598
-82.92849406266218
-83.08750234469622
-83.27588115386956
-83.4418593765323
-83.65719323319777
-83.90362205922533
-84.11710181729535
-84.29973499111436
-84.52381800549946
-84.7217970759395
-84.93226362148187
-85.1306858147476
-85.37429325955314
-85.58501289458684
-85.7994371763774
-85.9988658576117
-86.19540809413067
-86.45879099202322
-86.70806204394155
-86.90491058448387
-87.11905283070011
-87.31455315840417
-87.52201155138474
-87.72284195539429
-87.9354198613998
-88.15314306539756
-88.35462512884607
-88.53624499023083
-88.73912757089596
-88.95610963604614
-89.16381521924295
-89.36762345644541
-89.5413751721295
-89.6987872676044
-89.93548381973156
-90.15869869207266
-90.35738042317993
-90.56650109546848
-90.77303822366346
-90.99836979330362
-91.18743256408672
-91.42467423172813
-91.59046417415806
-91.80847044498536
-91.9931050815241
-92.14447622690238
-92.37757432163794
-92.54482717740736
-92.7678741603647
-92.85758915983544
-93.09085659252177
-93.27906840250799
-93.4280019014313
-93.61054467187081
-93.78840962146477
-94.05000643803496
-94.29122857336462
-94.4814776926575
-94.6862888486501
-94.92763330158567
-95.1729849985946
-95.36102314330078
-95.6105424267182
-95.83893842493774
-96.03825783737048
-96.21934982657447
-96.42252367750937
-96.6411861922498
-96.88393797234788
-97.05263225015194
-97.1854491757599
-97.39566309045536
-97.60825530462344
-97.84392730219662
-98.00839119665821
-98.21182517250813
-98.4998684946943
-98.68273536718108
-98.84743086089865
-99.02778449223692
-99.2206588194388
-99.38458949109092
-99.60589163222657
-99.91855940966948
-100.14824228790262
-100.34611801378543
-100.54155816829773
-100.74255429050204
-100.95182218679184
-101.26031740573133
-101.43531957893136
-101.58035230136633
-101.63581612558704
-102.08087879006234
-102.39507209855067
-102.58591203766886
-102.74177663058309
-102.95095749682633
-103.1213302707324
-103.33916126323595
-103.55851242114441
-103.79521111803317
-103.99294552564643
-104.17527871772901
-104.06932265745272
-104.2382638028429
-104.4208891369096
-104.63053800017217
-104.82826167266316
-105.07107473966936
-105.28070186689962
-105.45891016538772
-105.67918344826772
-105.87857092310972
-106.0124057925042
-106.22786788235761
-106.3915459355543
-106.60282924626723
-106.80096663474308
-106.97776726791365
-107.20622252266574
-107.10082060432502
-107.3088296882799
-107.50980084627142
-107.74172550338007
-107.90929264602487
-108.04026905637231
-108.14297622883251
-108.5060638839544
-108.75460237234613
-108.88658455723437
-109.107090976439
-109.32803859079391
-109.59854714598936
-109.80375057750055
-109.98105717403924
-110.25066305315039
-110.46384245060247
-110.72153970156185
-110.90598235694141
-111.11471970822605
-111.34013968140826
-111.59295326651923
-111.78343700321317
-112.0056151808929
-112.30780943946908
-112.50581285345659
-112.82621906753164
-113.1622590429963
-113.38386683737896
-113.5608036157622
-113.7746670809523
-113.90307434856291
-114.08878314057297
-114.28472845986518
-114.51247682044583
-114.72439785908745
-114.91398954466057
-115.18812398485709
-115.49251776710638
-115.67038163354783
-115.94039082897473
-116.17734336681643
-116.42364230769358
-116.65829794773201
-116.82940526436494
-117.01914885804108
-117.23033672335305
-117.42217745238683
-117.65623837287207
-117.8617885173871
-118.04449555133552
-118.71721739842992
-119.13303876378303
-119.3885617038864
-119.61057642719125
-119.81442374287656
-120.305028579424
-120.73221657462307
-120.90764189097209
-121.23076960408333
-121.38883610879526
-121.58524600124282
-121.71314424416732
-121.83191220598316
-122.03547450387201
-122.24466469523936
-122.50846878666715
-122.80793622949432
-123.00177971798746
-123.25528666956251
-123.4571674190782
-123.70535620183269
-123.91224240765196
-124.20977319011405
-124.3639943741614
-124.74762209409359
-124.98471721175589
-125.16772692069529
-125.17958703046746
-125.37154121951805
-125.57354613793821
