-1.5921756286621098
-3.5627915449142455
-4.883805551052094
-5.97390807723999
-7.084511346340181
-8.215668997764588
-9.17792681980133
-10.13727600812912
-11.06101974773407
-11.968097392559052
-12.762738927364348
-13.605718495845792
-14.42520121002197
-15.277213852882385
-16.066764905929563
-16.8661771440506
-17.673386371135713
-18.46607456445694
-19.237661647319793
-20.051922237396237
-20.811224335670467
-21.57043021249771
-22.2913716044426
-23.01782642555237
-23.761488922119142
-24.465229231357572
-25.181092239379883
-25.850813132762916
-26.553135702133176
-27.281202409267422
-27.994940261363986
-28.70379437589645
-29.357928732872015
-30.02319598531723
-30.703355451107026
-31.391378493309027
-32.040540217399595
-32.70245034027099
-33.377724360942835
-34.02155578136444
-34.645840084552766
-35.28989921331406
-35.911967216968534
-36.589520493507386
-37.20281474590302
-37.8508012266159
-38.453632910251606
-39.04071582841873
-39.63462913036347
-40.27108709096908
-40.84911339092255
-41.5081768746376
-42.08220938301087
-42.61024391412736
-43.189819804668424
-43.77455478096009
-44.37447962379457
-45.006328936100005
-45.57341562891006
-46.13084844636917
-46.71123974657059
-47.28336457157136
-47.86138889598847
-48.43913265895844
-49.02887681007386
-49.57315742683412
-50.111387474060066
-50.66167535638809
-51.19894248819352
-51.72492459535599
-52.2911155705452
-52.80221157598495
-53.345239368915564
-53.914117862224586
-54.47539965486527
-55.04890290307999
-55.566493225097666
-56.14954131126404
-56.7477705245018
-57.28605851173401
-57.81850656032563
-58.3236367034912
-58.87512937641143
-59.39040599155425
-59.97499440383911
-60.495759056091316
-61.053076104640965
-61.56442727041245
-62.097759100914
-62.59643439960479
-63.13955327987671
-63.63545064735412
-64.11610913991927
-64.64275077724456
-65.19140072631835
-65.67115320777893
-66.17487551784515
-66.70537135982514
-67.24209233760834
-67.76075731945039
-68.26722520923614
-68.76193859100341
-69.27224733924865
-69.78633602237701
-70.27492877483368
-70.76670668077469
-71.28468813276291
-71.78275385141372
-72.27146485376358
-72.76095671081542
-73.2445709733963
-73.70965505981445
-74.23011490440368
-74.74752434825898
-75.22126249027251
-75.72986671161652
-76.19744198131562
-76.70412007141114
-77.16672964859009
-77.65518433475495
-78.12166084766388
-78.5897938966751
-79.07293236255644
-79.52266742134096
-79.95852704906463
-80.46356489658356
-80.92788232707977
-81.38362578773499
-81.83691705703734
-82.33366323757171
-82.82603619670869
-83.30513489818573
-83.81381892871858
-84.29794114685058
-84.78829874229432
-85.2497073469162
-85.69431269168855
-86.13409385776521
-86.62750442780947
-87.04514551278167
-87.49352450917895
-87.97005159031718
-88.4119703520725
-88.85094418254651
-89.30490085586749
-89.80355002498627
-90.25023101379996
-90.71122449317734
-91.17097115953345
-91.61404516024339
-92.0569346402821
-92.50381636333466
-92.95443390640463
-93.38665588313656
-93.87319747578472
-94.30813147780769
-94.75515605238864
-95.17586176074181
-95.63850783312948
-96.11635637308422
-96.55690328793777
-97.02474256189245
-97.4776637597837
-97.9105541646355
-98.33837766817993
-98.763904747461
-99.21411393140492
-99.61567795246526
-100.07256469852044
-100.51386725832282
-100.95508709260035
-101.39915355998593
-101.82885236484125
-102.27423293510236
-102.71912165787346
-103.11663781050633
-103.56862165154908
-104.00507373021782
-104.44006950162587
-104.8964205676631
-105.28998825444674
-105.70188509148045
-106.14075856038144
-106.589970939837
-107.01036637918573
-107.48373611560622
-107.91392972906011
-108.31809445782714
-108.80356622193989
-109.21971203292046
-109.637763095153
-110.05063141893086
-110.45655765156997
-110.87537183786691
-111.32870456489763
-111.73594078902197
-112.15549318860705
-112.59384599399567
-112.96329477827175
-113.39739472971465
-113.79899934407285
-114.22930131801806
-114.64585982192192
-115.05891589987908
-115.48938960888512
-115.90120230745013
-116.2957569179535
-116.71083834045811
-117.12662280494288
-117.5453863088708
-117.94428550198204
-118.3770472499446
-118.78384107308639
-119.179576290231
-119.57268753352919
-120.017713474876
-120.42275163028117
-120.81087071478994
-121.2004255976426
-121.55967671524853
-121.94418600202862
-122.3484154564707
-122.758078974774
-123.14474102743047
-123.51556791556509
-123.85665793288385
-124.26856853485111
-124.6965532678303
-125.12291474462809
-125.52584994195637
-125.9461927392859
-126.36305871471606
-126.77760012978003
-127.15631079984965
-127.58514385243468
-127.97527774088005
-128.36555203367533
-128.78354127321745
-129.19832602832193
-129.6066501637509
-130.02890175207037
-130.42255374988756
-130.82693988860282
-131.2089803647493
-131.5787801215523
-131.97433280754092
-132.36967897495467
-132.7689363511738
-133.16095352273237
-133.53756187358655
-133.93501740686514
-134.30649101709065
-134.74200568615763
-135.1126500317925
-135.49065511005801
-135.87327092727864
-136.26368015525216
-136.6631385661175
-137.0379212976255
-137.38648005641136
-137.77395227934187
-138.17009250159015
-138.56972239092775
-138.97956880198026
-139.38623662787987
-139.77156828097293
-140.19182634243214
-140.55888164118716
-140.99390448620443
-141.33479751135172
-141.6995737485384
-142.05505258620414
-142.42106904270776
-142.7901680500633
-143.19642163617988
-143.56464276604905
-143.96132632044745
-144.31178813010766
-144.6575368299986
-145.02341312599182
-145.3937573784276
-145.77744355402493
-146.15189655615154
-146.53548832843177
-146.9063631793574
-147.27249196152934
-147.63600022075053
-148.01656274614837
-148.41595167943052
-148.79675067510104
-149.14823824922664
-149.55696330231115
-149.9461720093175
-150.33638668180768
-150.71549780062625
-151.10428596235576
-151.45414917152806
-151.8121349250392
-152.18543879328277
-152.53986143784775
-152.92899702985665
-153.32595450582002
-153.696977703747
-154.04416926680113
-154.4208034301055
-154.7718655585741
-155.12957035089795
-155.499985236971
-155.8607991383703
-156.18393508223483
-156.52179340769115
-156.92735992306157
-157.29310913301768
-157.64336365443782
-158.02250064162203
-158.38701648365827
-158.7157308252736
-159.10060478135162
-159.45579737337016
-159.83389555162017
-160.2106374964073
-160.5484596660402
-160.89955289894797
-161.26537958995638
-161.63971591267392
-162.01118590552903
-162.35953097884976
-162.7319603019737
-163.07291343038685
-163.44186973838362
-163.78107118484988
-164.16616844515215
-164.54325336863423
-164.89207771768625
-165.23335264940985
-165.5932978334817
-165.96119827485782
-166.32082150897645
-166.67049720594616
-167.0189582579094
-167.37524672922055
-167.72354786365355
-168.09078954997818
-168.44579836382505
-168.7922166927293
-169.176473854288
-169.51932603026273
-169.88718982348524
-170.25424271255625
-170.6222373467273
-171.0203606959449
-171.37691609117158
-171.72685335876514
-172.0519043368847
-172.37878627170318
-172.68286358316615
-173.04845924799065
-173.41042462826658
-173.75128397949263
-174.09304706996295
-174.43864202806458
-174.79437349233243
-175.16687616163435
-175.51539807349164
-175.85487989051867
-176.2206898229557
-176.59186648216485
-176.95953425641247
-177.31604537304273
-177.66229971746915
-178.0187060541324
-178.36263196998343
-178.7268139440578
-179.08469418965626
-179.42854244571714
-179.77201765920802
-180.11328409156565
-180.42648443284642
-180.7564772072193
-181.1025218004044
-181.46815345784233
-181.82462324045613
-182.18052596869927
-182.54579058270411
-182.85707661614552
-183.16949532446256
-183.53322961117533
-183.901640314858
-184.25552338770353
-184.6051468264859
-184.9579456866625
-185.3128760415416
-185.60507704366458
-185.92674859103624
-186.2478766736187
-186.59008987333777
-186.94861736926177
-187.2451530515883
-187.58732797730417
-187.93405670528458
-188.28097170579068
-188.61838529395925
-188.97835756775407
-189.3075412482684
-189.64865796331014
-189.96796718825806
-190.29851773447052
-190.64900326914892
-191.00987012647624
-191.33788209561638
-191.66092922159316
-192.02694144674334
-192.3510925856434
-192.70648203746975
-193.02116186981013
-193.35202931211344
-193.68335429079852
-194.02623199489528
-194.41089189786948
-194.70708946000815
-195.04899142867774
-195.3357134850846
-195.6839407999257
-196.00333502691583
-196.38128921783442
-196.70267834273855
-197.03811007973619
-197.3929729574759
-197.7510824438987
-198.08739119343716
-198.39132767847968
-198.72545381276748
-199.10998368475236
-199.4970296835766
-199.8210101389339
-200.1653326533763
-200.51121682307007
-200.87173270080854
-201.21456627567633
-201.5627106385364
-201.89071411573332
-202.20196863114796
-202.54343553076
-202.87834252068131
-203.23456944328376
-203.60918738547775
-203.9381895662274
-204.2701094839413
-204.59884792952897
-204.93962572038657
-205.29750031357412
-205.60609573791655
-205.95544659692976
-206.27336475268777
-206.57607190466112
-206.91733605585665
-207.24123366222767
-207.57725138405993
-207.93465612398575
-208.23809308036314
-208.5497943024709
-208.88217122637616
-209.218195358924
-209.5908344768719
-209.92810123029133
-210.24876031722994
-210.59755368011022
-210.91246055515762
-211.24007385416357
-211.5976764887576
-211.92422779724942
-212.24152288782798
-212.59328477544034
-212.92470096033318
-213.2604884647505
-213.58506741202436
-213.91482363733874
-214.25858549584152
-214.6178832920797
-214.9784700827282
-215.27538208561975
-215.58525642508928
-215.91922988031817
-216.23819549735865
-216.57090285730507
-216.90175116704538
-217.22940284666274
-217.56283813623008
-217.90805502093107
-218.21479219704608
-218.5379429777255
-218.85351765826908
-219.16706889222147
-219.49788565452948
-219.80454574585946
-220.1149210838164
-220.41832064736073
-220.70372117370346
-221.0318354207135
-221.35402317850674
