-1.7360497953146694
-5.77074551300852
-7.999850311240415
-9.943521724397614
-11.804342283804854
-13.453553423426388
-15.130482704770476
-16.85066477716331
-18.45119865256395
-19.947238242051238
-21.57911858018963
-23.07273096949972
-24.45425950798783
-25.894229922502838
-27.312563619303074
-28.63072022167652
-29.788699051364507
-31.152902899930176
-32.337152921558996
-33.642114149753205
-34.78769903781405
-35.95686094025686
-37.134862435212284
-38.26553164016857
-39.36014705118359
-40.31868477107865
-41.344633734398755
-42.35869337305138
-43.479523734819914
-44.40340073429979
-45.313884897842144
-46.29074972845696
-47.184219002194915
-48.1560309553864
-49.024989774970734
-49.84511069491331
-50.61963201074235
-51.44443185171755
-52.23061975133433
-53.053494880507685
-54.012150963259835
-54.98325047992279
-55.83183208623248
-56.67504238044606
-57.561852641740536
-58.42499772157734
-59.34556239348211
-59.97157936021481
-60.79014758581495
-61.43490123182459
-62.15574335470958
-62.91895581196575
-63.69397806370257
-64.36321263439129
-65.11146028641404
-65.73724276946209
-66.52756202936001
-67.14891476786664
-67.82930032986742
-68.5066751284915
-69.18342048603856
-69.88390926397098
-70.61426087744557
-71.29513684317551
-71.72422165783202
-72.43601980117221
-73.22140989183629
-73.88278577847568
-74.53073151859112
-75.13125093419004
-75.75062869029814
-76.3235420891271
-77.00777857979715
-77.50621962643878
-78.08220619561149
-78.9752852000696
-79.52994234178503
-80.09584508245084
-80.68633087334139
-81.30312918642967
-81.63304296053003
-82.40525244891265
-83.09556478881274
-83.78875646916957
-84.55746770516458
-84.98705211895336
-85.5835564660001
-86.34880449385834
-86.77714383903627
-87.39122987107474
-87.95955530003697
-88.47593803579956
-89.14768859290483
-89.65308658963764
-90.28990654161115
-90.86586165885714
-91.43776087001218
-91.97399152832088
-92.54573350106243
-92.8636174040105
-93.25588657286399
-93.9868667802885
-94.54003205165107
-94.99284591862883
-95.60783965111342
-96.18484947332064
-96.88384366947132
-97.49487461105495
-98.04071297911858
-98.60400487290846
-99.25138987350809
-99.71575900153857
-100.2840547990467
-100.83420768528184
-101.31816530847547
-101.81049799013732
-102.30117514311182
-102.94375042249136
-103.5451573708083
-104.193370025125
-104.70080167686409
-105.0235820398167
-105.63127835884602
-106.22505404658378
-106.63557888510825
-107.07846468790378
-107.66404370670432
-107.75399327215105
-108.17100028193137
-108.70313851664905
-109.26589602048922
-109.66647962945304
-110.12326545357512
-110.69561017905458
-111.16956955894713
-111.624933034963
-111.83849422521203
-112.3098298947191
-112.77513720450368
-113.34668734720886
-113.78055360712062
-114.34404830738538
-114.75662880876443
-115.25141412813649
-115.94753182541878
-116.4502666390937
-117.07140197013669
-117.53219355190984
-117.71757625278404
-118.00617372991722
-118.44885593142926
-118.76091497124962
-119.40524671307301
-119.906163342147
-120.47222768062316
-120.98980553024252
-121.46704526811213
-121.80468219670053
-122.35445873772575
-122.76627147931845
-123.21061560836887
-123.69722447455236
-124.23833197809385
-124.86892533332126
-125.39551301328262
-125.69777987179829
-126.22253164844028
-126.66344228085524
-127.29631688017841
-127.81255457190579
-128.32742031243492
-128.71221203198021
-129.02530764486806
-129.72206704928442
-130.1822673698691
-130.4147995711954
-130.59071976800283
-130.96250137087816
-131.47576582238193
-132.42380320889032
-132.76402986873921
-133.18298806270377
-133.59611648389733
-133.99280306676937
-134.80333787677438
-135.3377195602529
-135.90555707401222
-136.38358562533085
-136.91289975041167
-137.33208547310062
-137.74047139318324
-138.16511960750543
-138.58233791112863
-139.03268097847908
-139.5849851213671
-140.17160832289943
-140.56446607330705
-140.98550445262364
-141.67066061589583
-142.02408079953756
-142.329984648728
-142.6817644609032
-143.17258454156456
-143.63249451565747
-144.16069959779077
-144.67746208360475
-145.34039871278648
-145.84450014640007
-146.09289074252834
-146.47492699436998
-147.00886231455829
-147.32722549623205
-148.63669966098885
-149.0507929023929
-149.50800372423524
-150.15139665749408
-150.48171155404677
-150.9420795572709
-151.31095503183911
-151.86025993278122
-152.25060520997508
-152.91788873630108
-153.3914436248241
-153.78308797806912
-153.69527595743102
-154.3024780696412
-154.79731675098117
-154.77552226941717
-155.23084903753065
-155.65404942624102
-156.05671895776356
-156.42973160245967
-156.70910253203502
-156.89602143934502
-157.3779600395073
-157.84997417991372
-158.17852601389973
-158.69540357981867
-158.78150157812576
-159.19179471130863
-159.53702855800375
-159.3402861552038
-159.56990182419932
-159.99739935608005
-160.33308472777495
-160.7921292249107
-161.23366608375434
-161.57554220021643
-162.09495804826895
-162.54076294203801
-162.94173674909177
-163.6108522014733
-164.44259145366632
-166.2085353596826
-166.66575226056764
-167.26046792429798
-167.85240089266964
-168.43256436416854
-169.91242995386278
-170.30475101632464
-171.00269455612818
-171.66251706225117
-171.81072834166707
-172.29689833117098
-172.7099678712597
-173.04523525940957
-173.50185934638026
-173.81399492555408
-174.21516024330882
-174.7534221552726
-175.19054077624145
-175.5069490580184
-175.4365398506586
-175.8709258998953
-176.4066968221285
-176.9787027338771
-177.41577486172392
-177.96898977489028
-178.93707671544993
-179.41246107809698
-179.83223453432808
-181.03623902932043
-181.51352731967543
-181.78823416954614
-182.27405210217847
-182.88202090152433
-183.05209409640594
-183.72529990948564
-184.1270997338445
-184.71675141908275
-185.1026308103253
-185.4553268707388
-185.94196873603778
-186.23646241032685
-186.57965854875366
-186.4049119450114
-186.5940096564705
-186.99641443065192
-187.68718803852676
-188.10200653441652
-188.3842387183296
-188.84966754266543
-189.320308184623
-189.63685647971113
-191.08169064666117
-191.5003238465392
-191.91072097925772
-192.1633555203705
-192.63327074271638
-193.0207694439661
-193.44486711089007
-193.81227446407527
-194.12151881278487
-194.13361504010382
-194.60765630960677
-194.71335265547182
-195.16901796168557
-194.3355807355359
-194.5444517585106
-194.94348729545982
-195.3244344846221
-195.75918317201626
-195.87570308962492
-195.25554423681322
-195.3462759936538
-195.81247289760844
-196.1602448305496
-195.8435855057073
-196.3973586202702
-196.23843771892928
-195.28154718647522
-195.9136068446515
-195.62382438574687
-196.05730418029228
-196.52887318400036
-198.09113164538687
-198.610758772809
-199.44194288829212
-200.5760106963837
-200.90833624409441
-201.27956902757685
-201.9419207271464
-201.63263934000972
-201.5066233935424
-201.97699923358067
-202.4050220871258
-202.77670961101776
-203.18056023177942
-203.54662819048724
-204.0056356331257
-204.65887145695848
-205.0433070435274
-205.33729304502887
-205.83745766674838
-207.97289462406187
-208.41662727685033
-208.73422330887715
-208.2288675327985
-208.54864564846324
-208.6291887079157
-209.1011100749906
-209.43794428432813
-209.93808795451852
-210.2648051413882
-210.80412787755083
-211.31209532146718
-211.4905662481837
-211.84115947633265
-212.2291381968528
-212.71941370363055
-212.45274322887028
-212.82112615434139
-213.0521780821671
-212.32430417338253
-212.60499294133248
-213.10697999583917
-213.1540219659855
-213.5228202610579
-214.0774394177728
-214.98581583899252
-215.5361664258909
-216.02489335710544
-216.44178649901008
-218.23897655956003
-218.56304748979238
-217.88777154544445
-218.0518817416041
-218.38992796045352
-219.34708288022037
-219.75399503853635
-220.14887175817157
-220.62483118506827
-221.01982562752966
-221.6069231847319
-221.60150605182997
-222.4341132358567
-222.86202692755725
-223.94162367138182
-224.3586848418997
-224.17438331088977
-224.52993974217114
-224.80070356302224
-225.29897049654335
-225.7036264299725
-226.1754449655179
-226.51613665721777
-226.96830871085348
-227.33021675646143
-227.60823283759584
-228.16872278057863
-228.87609728202133
-229.15548026903
-229.53158111780806
-230.0264857647276
-230.33709748605736
-230.74038707521785
-231.04695656009937
-232.0438808367213
-232.35671939742377
-232.4465851994074
-232.82699802615986
-233.14270222432614
-233.58775429002964
-235.015230260195
-235.1367688517078
-235.47212789211565
-234.95118094016206
-236.45636420986548
-236.791731431096
-237.23472423023316
-237.801613245366
-238.2809704626043
-238.83640934999147
-239.15920522399855
-239.45422555443017
-240.22410654775197
-240.5200395223251
-240.9111601882798
-241.64103156767126
-242.71669473220442
-243.13504900941075
-242.4366581269288
-242.80049361345291
-243.2673603127246
-242.3367327580092
-243.0900971325286
-242.70181795313135
-243.0831735913167
-243.54982487405343
-244.22264011302698
-244.90883126421875
-244.23964206301847
-244.54329349972795
-244.70763060067733
-244.9359925589245
-245.4481797865696
-245.77516116703288
-246.60552306859952
-247.2082185917644
-247.7197617120494
-247.93287970517483
-248.35288204436887
-248.81584690788563
-249.08055324916367
-249.38994583901712
-249.99843715865998
-250.4654247095459
-250.62471818591268
-251.0061236024089
-251.21931923094414
-251.46914856528582
-251.79438193676086
-251.9188890945134
-252.25875535556008
-253.25215891537948
-253.56602297730177
-254.02088437785002
-254.26236441805165
-254.75159978786013
-254.03675874621177
-254.37971401100862
-254.73887794266585
-255.25616478887758
-255.78965280617567
-257.726797759467
-258.4926004280784
-258.990577487762
-260.4637413220528
-261.0092181865819
-261.4442694012956
-261.8272967176705
-262.6620836321216
-263.03880976919754
-263.49739298937357
-263.80340821645007
-264.03878617016784
-264.3615287365182
-264.6664126251179
-264.96616817135066
-265.4312136372561
