-2.1388771327584983
-7.125652912072837
-10.508640157732557
-12.683997288663337
-14.81137104915536
-17.055577098653558
-19.15776171355412
-21.53495817960695
-24.007660717122697
-26.302534001214163
-28.524871291884455
-30.6322821077094
-32.50616302607972
-33.920756569391564
-35.854755739622476
-37.60217845134246
-39.36627841305423
-41.07598138784434
-42.64237017380564
-44.10224300384522
-45.00224019385673
-46.272185691415444
-46.97034357575809
-48.254620002977774
-49.86103776785043
-51.40746261890118
-52.657189868046686
-54.425547584654794
-56.13028580801828
-57.70892194841729
-58.63706051508586
-59.68536407069156
-60.54889626162393
-61.7066364799227
-62.51130536624363
-63.45602907957854
-65.1130969209491
-66.53302953828056
-67.38610744476318
-68.09480626766498
-68.95490651864272
-70.27572285212003
-71.20929098129272
-72.47231157009418
-73.56400359593906
-74.53455783770634
-76.13595752716064
-77.30296640396118
-78.26512571334838
-79.65182653427124
-78.16980367777299
-79.14627960750035
-80.3933491508166
-81.6468837413382
-82.5094751804433
-82.42808487104332
-83.4017799626226
-84.2683511402296
-85.2645200231801
-86.14860866380775
-86.83035576861838
-87.72028014970863
-88.74642355545707
-90.17293095058865
-89.30077047126238
-90.12535680726518
-90.50894506587538
-90.58948911939349
-91.4022297177996
-92.10334723336356
-92.7056394304548
-93.56712377639045
-94.37023158189727
-95.17823624029393
-96.38212985992432
-97.95462779509715
-98.61963247641539
-98.88316283354888
-99.37642071698163
-100.18198013305664
-99.9990422990587
-100.81578763326009
-100.17522503347958
-101.19437700159409
-103.30526866334857
-103.78829765319824
-104.4676785324559
-105.1664828676166
-105.9192386973988
-106.47325244094387
-106.94462244438402
-108.2245496114095
-108.95561674869421
-109.65802389202696
-110.60821637240323
-111.4966447425611
-112.1959536003344
-112.81196964148319
-113.19711552244245
-114.30450751564719
-116.30419486761093
-117.32403606176376
-118.33793663978577
-119.0868164896965
-119.71342136013892
-120.48385441687799
-121.10955287564185
-121.80127193081763
-122.28195055069462
-123.36921008940666
-122.52361246744792
-123.31632344476108
-123.77444142308728
-124.46055800339272
-121.60016904558454
-122.56943934304374
-121.53555198952004
-121.88244501749675
-122.6776158368146
-123.10240152147081
-126.26711984781119
-126.83917331695557
-127.23911578838641
-127.83248952718881
-127.98040734804593
-128.23509054917557
-128.95103139143723
-129.88498423649713
-130.37389256403998
-130.69947103353647
-131.17269890124982
-131.50034324939435
-131.87492950146014
-132.07541377727802
-132.78731771615836
-133.52193267528827
-134.0008704845722
-134.83274877988376
-135.60139597379245
-135.9400777083177
-136.4517059326172
-138.9684213256836
-139.3170071411133
-143.7576843102773
-144.1195021470388
-144.63044611612955
-145.0477718512217
-145.65554547309875
-146.22543795903525
-147.07482647895813
-153.14244676672894
-153.7454843935759
-154.5774615743886
-155.22016989666483
-155.19075393676758
-155.70034738020465
-156.10188674926758
-156.63817943226206
-155.14427039736793
-155.7533305940174
-156.26903461274645
-156.7187042236328
-156.90104021344865
-157.21451822916666
-157.4386458623977
-157.9359893798828
-158.53941926502046
-159.23602367582777
-160.62593478248232
-160.6604276384626
-160.9353961036319
-161.7790756225586
-159.17591857910156
-159.3404685974121
-159.7113998413086
-159.99746131896973
-160.2604892730713
-160.69775886535643
-161.11159591674806
-161.58488349914552
-161.70449180603026
-162.71497802734376
-165.11576883416427
-165.84958367598685
-166.0427659687243
-166.60983477140726
-167.28387571636
-167.8996935392681
-168.2452023154811
-166.1597438139074
-166.67545946906594
-166.828514547909
-167.15034260469324
-167.83216768152573
-168.75041423124426
-169.25728293026194
-169.45919351016775
-170.1123944450827
-170.82897590188418
-172.57969082103057
-173.78107198079428
-171.08137403215682
-171.7086012704032
-172.42939976283483
-173.22776303972518
-174.7410534449986
-175.39500209263392
-175.8648523603167
-176.45920726231165
-177.05301557268416
-177.34965896606445
-178.25828170776367
-178.75526210239954
-179.30615070887976
-179.84123502458846
-180.24797657557897
-180.56313378470284
-180.93079975673132
-181.48506655011857
-182.7186339242118
-183.25893075125558
-183.5676716395787
-184.37292153494698
-184.74061148507255
-185.46332550048828
-185.780088697161
-186.37868281773157
-186.8911465236119
-187.01878520420618
-188.2854630606515
-188.71167046683175
-189.48706381661552
-189.67305755615234
-190.4175682067871
-190.75851331438338
-191.31495938982283
-191.8194351196289
-192.34114837646484
-192.77273886544364
-193.71383503505163
-194.07781709943498
-194.81925092424666
-195.31009783063615
-196.36911392211914
-196.97077669416154
-198.05915723528182
-198.3429238455636
-198.77528599330358
-205.31875845102164
-205.9416979276217
-206.32747415395883
-207.1370104276217
-208.26381155160757
-209.1092541034405
-209.15894082876352
-209.24525686410757
-210.06033325195312
-210.3562463613657
-210.49404907226562
-210.7648644080529
-211.06471780630258
-211.3756549541767
-211.52831268310547
-211.82222865178034
-211.98810577392578
-212.31906069242038
-212.7955515934871
-212.93069634070764
-213.16580376258264
-214.0636690579928
-214.48169414813702
-214.90415074275091
-215.24566650390625
-215.59237729586087
-216.2957024207482
-216.7039994459886
-216.86586350661057
-217.24508784367487
-217.56762871375452
-217.82947188157303
-226.90713755289713
-227.0541032155355
-227.4757137298584
-227.83830579121908
-228.0288403828939
-228.44835154215494
-228.5333105723063
-229.12864685058594
-229.63490104675293
-230.2327798207601
-231.2727279663086
-231.5159350308505
-231.6276820789684
-244.31624526977538
-244.80149612426757
-244.87576065063476
-245.5347427368164
-246.17048721313478
-246.7469169616699
-246.80923767089843
-247.5732421875
-247.78693161010742
-247.92425613403321
-248.16596603393555
-249.08967666625978
-249.7700508117676
-250.63562698364257
-251.5452865600586
-251.5860809326172
-251.9182991027832
-253.24581298828124
-253.3004280090332
-253.80354766845704
-254.52547149658204
-254.57370529174804
-255.1214286804199
-255.21027069091798
-255.34528198242188
-255.64136428833007
-255.99504547119142
-256.3246505737305
-256.675984954834
-256.7178359985352
-256.8984405517578
-257.0748893737793
-258.00705795288087
-258.2556640625
-258.778816986084
-258.9388153076172
-259.59765853881834
-259.8575942993164
-260.15184173583987
-261.53360137939455
-262.74236221313475
-263.64889907836914
-264.576838684082
-264.9725814819336
-265.1199150085449
-265.6096565246582
-266.0051124572754
-267.83663482666014
-268.0742980957031
-268.65924072265625
-268.9603401184082
-269.6538673400879
-270.44520263671876
-271.0359062194824
-271.446516418457
-272.27049560546874
-272.33100814819335
-272.6040893554688
-272.7588020324707
-275.1914001464844
-275.6604637145996
-276.55322036743166
-276.8143798828125
-278.48433685302734
-278.86252670288087
-279.43261032104493
-279.7978874206543
-281.0345626831055
-281.3744499206543
-281.42469177246096
-281.78270568847654
-281.88414611816404
-281.97129974365237
-282.658935546875
-283.57018890380857
-284.1967628479004
-284.9089988708496
-286.0161956787109
-286.33088912963865
-286.8635566711426
-287.3042419433594
-287.56877822875975
-287.87380447387693
-288.04211349487304
-288.2186897277832
-289.48627853393555
-290.37949829101564
-291.02689056396486
-291.5445327758789
-289.69843122694226
-289.95206536187067
-290.1913189358181
-290.52408175998266
-291.0227457682292
-291.0290298461914
-291.42350429958765
-291.82432640923395
-292.2574225531684
-292.36008707682294
-292.70940653483075
-292.9410917494032
-294.67911444769965
-295.58855692545575
-295.81134541829425
-295.89144049750433
-297.0382995605469
-298.3019104003906
-244.93341827392578
-245.08963584899902
-245.38409805297852
-247.55642700195312
-247.75168228149414
-241.01127188546317
-241.0297589983259
-241.51222664969308
-242.606205531529
-242.7496817452567
-243.2843497140067
-243.38006373814173
-244.35126168387276
-245.34618268694197
-245.8631591796875
-246.14850507463728
-247.81356593540735
-249.3821781703404
-249.9624481201172
-251.24266488211495
-251.26525224958147
-252.5833020891462
-252.8658163888114
-253.14925493512834
-253.20192173549108
-253.2906276157924
-253.43031529017858
-253.8235364641462
-253.92466517857142
-254.52545601981026
-254.6466522216797
-255.1325204031808
-255.3749738420759
-255.47398594447546
-255.47588457380022
-256.2020372663225
-256.632814679827
-256.92171587262834
-257.79024832589283
-259.17164611816406
-260.15608651297435
-260.21390860421315
-260.48310416085377
-260.4872392926897
-260.5045275006975
-261.2489471435547
-263.52918788364957
-264.3409641810826
-234.64652506510416
-234.75025939941406
-235.14530181884766
-235.25632985432944
-235.41791280110678
-235.54642486572266
-236.43575541178384
-236.65947469075522
-237.0035171508789
-237.63457489013672
-238.19229888916016
-238.78469594319662
-239.50798797607422
-239.69679514567056
-239.77279917399088
-239.93927001953125
-240.34454854329428
-240.5268987019857
-240.84983571370444
-240.9302749633789
-241.8506647745768
-242.4984359741211
-243.1814982096354
-243.20120493570963
-244.5561981201172
-245.76447550455728
-265.3699066162109
-265.95973205566406
-266.04436950683595
-267.0931701660156
-267.2373443603516
-267.27723693847656
-267.5790222167969
-267.6658020019531
-267.8752197265625
-268.8922576904297
-268.9307525634766
-268.9736785888672
-269.0767486572266
-269.46087341308595
-269.9808654785156
-270.1556732177734
-270.34900817871096
-270.3870513916016
-271.35997009277344
-271.47254943847656
-271.5509002685547
-271.7779266357422
-271.786572265625
-271.82470703125
-272.14661865234376
-272.28187866210936
