-1.4952729453966023
-3.3124943506568667
-4.502874057978391
-5.491560813263058
-6.4430243125706905
-7.404387563340366
-8.229623235315085
-9.125691758617759
-9.930625860691071
-10.731854309678079
-11.458566969454287
-12.212339401245119
-12.921605180859567
-13.586023058354854
-14.271512371301649
-14.965258781969546
-15.645174257755281
-16.256586737811563
-16.851571162462236
-17.471550980091095
-18.108729719042778
-18.687504379034042
-19.245978367924693
-19.837673727631568
-20.456451027154923
-21.041134000897408
-21.590645398735997
-22.180473356723788
-22.74997602427006
-23.314920915126805
-23.862405657887457
-24.470347249746325
-25.013853082060812
-25.583393495917317
-26.104950388312332
-26.596135481357578
-27.15119653785229
-27.655392771124838
-28.159925672054285
-28.68310188734531
-29.278459042191503
-29.816301151871684
-30.3406328458786
-30.890030733346943
-31.394312970995905
-31.93034991157055
-32.40353187680243
-32.900927544951436
-33.382780821561816
-33.88573858809471
-34.360774866223345
-34.848890285968785
-35.34725395083427
-35.817468238830564
-36.28321361970902
-36.751785859584814
-37.21170435714722
-37.662359541416166
-38.16805015826225
-38.63769369053841
-39.14106452393531
-39.60137887716293
-40.08264285898209
-40.523358188867576
-41.02433164668084
-41.518020526885984
-41.97927663040161
-42.432207808494574
-42.88195954370499
-43.37486984705925
-43.87963965916633
-44.349936006784446
-44.794288678884506
-45.26655542731285
-45.70729186105727
-46.12546403336526
-46.54602135372161
-46.992115864753735
-47.436430137395874
-47.920234832286845
-48.315122719526286
-48.734505121707905
-49.168766265153884
-49.60314172911643
-50.022415982007985
-50.442301412820825
-50.876598007202155
-51.2595537405014
-51.679103692531584
-52.110696578025824
-52.52956043744088
-52.96684180140495
-53.37775633311272
-53.762574668169016
-54.19422673559188
-54.62733973789215
-55.03686735582352
-55.41365417647362
-55.82912622070312
-56.215553767681115
-56.635903183221814
-57.013814835548395
-57.424486309528355
-57.86378333210945
-58.25782674837112
-58.69326635861396
-59.08523938584329
-59.50925995898247
-59.93006098651884
-60.33613740897178
-60.74068042850494
-61.16380581712724
-61.58717440700531
-61.99923052692414
-62.386789260149
-62.78120024991037
-63.197382226943965
-63.602300025463116
-64.02129866003989
-64.4411638762951
-64.84337222957612
-65.2513427042961
-65.66207927846908
-66.09880099630357
-66.50202378416061
-66.87620790362358
-67.28728967761992
-67.68821575593948
-68.10452508282661
-68.47987232613563
-68.89122756910325
-69.28883444833755
-69.66979910635949
-70.09013101291656
-70.44218042945862
-70.82183949565888
-71.18753858089448
-71.56478459882734
-71.94495441627502
-72.33800123643876
-72.7182749376297
-73.08763823890686
-73.45372682833671
-73.83798054862022
-74.24088508105278
-74.61023464989663
-75.02652801132203
-75.39044217276573
-75.78500407481194
-76.1686754333973
-76.54121486020088
-76.89591348218917
-77.28792647910119
-77.65414941383662
-78.00488143859411
-78.35591312415976
-78.7199776224086
-79.08202851026937
-79.45888340597403
-79.82778227684372
-80.20040559182671
-80.58326987085843
-80.96173858318832
-81.31897286903231
-81.70956709472756
-82.07172812005092
-82.42258620523151
-82.80040040509324
-83.18256883751718
-83.52350790041372
-83.89661619796252
-84.2453349936385
-84.58180474783245
-84.95643313834543
-85.2995771806742
-85.6807516096642
-86.03538300890672
-86.40262908057164
-86.76557500584502
-87.11461043636423
-87.4535868473555
-87.80690503321195
-88.14446877569902
-88.52277062180167
-88.90800262449919
-89.26680498647688
-89.63391050790484
-89.97443506531967
-90.33095782087979
-90.67769635545581
-91.03937302790192
-91.40360067173056
-91.77099749645434
-92.1303853231606
-92.47498275823344
-92.8266510445946
-93.17477989100155
-93.53222543839405
-93.88331013956821
-94.22191687015484
-94.5610888781422
-94.92002903975937
-95.24934027317951
-95.57367847895623
-95.87661308022547
-96.22552518232243
-96.5715437428575
-96.91619279503823
-97.27115365620661
-97.61125233780709
-97.96278440519386
-98.29446739954697
-98.6784444424855
-99.00983852909741
-99.3443546720555
-99.68779873913212
-100.01794530075475
-100.3628359807165
-100.7806840956211
-101.16359084869686
-101.4771083486331
-101.84580050837367
-102.19848313891258
-102.55271425781751
-102.88009677762733
-103.25197226843082
-103.5764810654866
-103.92202769457668
-104.22552622448771
-104.57366049032461
-104.91685728733164
-105.24810140016203
-105.57514963437382
-105.89087965669131
-106.2321237195793
-106.56994589017566
-106.90693031082655
-107.2365753846043
-107.54870136808094
-107.9137361154682
-108.25354071571954
-108.60162046091182
-108.93434605339951
-109.2617304747481
-109.59672210384672
-109.92077574701055
-110.24337327662269
-110.58520226385717
-110.9367124150301
-111.25308505917852
-111.5795883031268
-111.93921670264945
-112.2927577442119
-112.60953988799294
-112.89634398313572
-113.25254319041653
-113.5472525444658
-113.8803313584955
-114.19944286676454
-114.5325998192461
-114.8720222291821
-115.18579416085544
-115.51629978685632
-115.83923412264022
-116.18011695575714
-116.49920721813253
-116.81981525997111
-117.14301824271051
-117.47670498747577
-117.7729491867768
-118.11948005289779
-118.4509669478316
-118.77305100679396
-119.09270089332678
-119.39624201315326
-119.73972141691257
-120.08675309413358
-120.4083807277303
-120.7477367563373
-121.08122319044564
-121.37070074491753
-121.73057739784844
-122.04279789107724
-122.35868053081164
-122.64734968745083
-122.9520684301853
-123.27427732457615
-123.58271658626356
-123.92356670467478
-124.24795576262473
-124.55963167440262
-124.89918636088623
-125.20097366340536
-125.48658864074005
-125.79061730492744
-126.11178057179954
-126.44345342952325
-126.76909232463333
-127.08664583095751
-127.3688934698105
-127.69475927705513
-128.0323999617727
-128.34656458867224
-128.63982959014493
-128.93355185759694
-129.2660405120975
-129.57314547795997
-129.85909475286385
-130.16234548705503
-130.48578195023535
-130.8131033439385
-131.1242214040129
-131.41334804976614
-131.72142823052405
-132.09863626747384
-132.42103094126048
-132.72243125388496
-133.05770948978474
-133.33971687858985
-133.64279311248015
-133.92268922451782
-134.24141087552817
-134.57222382920946
-134.8961839363101
-135.20587737959588
-135.55705528741274
-135.88024171960703
-136.2257478964984
-136.54569139756236
-136.8459311141229
-137.19838239196588
-137.53211487850393
-137.83510434898716
-138.13850714246848
-138.43883769463935
-138.74051832641078
-139.05723256314707
-139.35371642098508
-139.64349945237066
-139.96192803520765
-140.26737811482724
-140.55356170876956
-140.85603033742012
-141.17066976951574
-141.48918274532426
-141.7922902194185
-142.07986507774655
-142.41141908775157
-142.7024896268008
-142.99324946982398
-143.293711260026
-143.5931304935684
-143.91250118830467
-144.25415835831598
-144.57692176445047
-144.88047300720075
-145.17302995534388
-145.45045891117633
-145.75399355231667
-146.05978480710203
-146.34647645279398
-146.64256617587634
-146.92707904616432
-147.23264230782246
-147.5108305440967
-147.84419996222138
-148.13702672080686
-148.4409340165651
-148.76396824712364
-149.0931437185787
-149.41158847107107
-149.73064363678853
-150.03224348047743
-150.35178662114393
-150.66200161612244
-150.9550306605317
-151.24403209828495
-151.54702822688168
-151.8419692131246
-152.18673691629664
-152.49103950697778
-152.77723305068935
-153.0590898020351
-153.3764788147706
-153.6692453369997
-153.97225473441438
-154.27259282055655
-154.57115807358844
-154.903654678862
-155.20271686493027
-155.50983575139827
-155.7942310703749
-156.09066475933056
-156.40541594127606
-156.7205157684917
-157.01661281840842
-157.3038107652748
-157.61583874254617
-157.9374041098642
-158.26577820674578
-158.55433081200388
-158.85302122225536
-159.16750584374674
-159.45899762255127
-159.75636547072313
-160.07143942871988
-160.3535968196197
-160.66518888890675
-160.95937456080648
-161.22278804563223
-161.4976509283077
-161.7859530674268
-162.08885716542864
-162.3586630227928
-162.65186105620649
-162.96719979712978
-163.24833063933863
-163.5758365468017
-163.90085631885583
-164.2251406454733
-164.54988712697386
-164.8482636672292
-165.1424540271061
-165.46174564031517
-165.77556116921775
-166.08380988847247
-166.3878704846726
-166.6694589907317
-166.98405392285488
-167.27680134007568
-167.5857816014504
-167.88442514522143
-168.18217503823763
-168.45010894381176
-168.7449133460403
-169.03941153130236
-169.33569654912935
-169.63281869864178
-169.9180258566218
-170.20612865117934
-170.46882645442537
-170.74840230692868
-171.03688128766328
-171.3226343073016
-171.62150672881202
-171.913000726802
-172.20767253143123
-172.51243585557611
-172.78780695232857
-173.06297215117257
-173.35031662721795
-173.62934404132872
-173.90308026822416
-174.1614051168522
-174.45251523340536
-174.71729024063032
-175.02295919318078
-175.32620089428522
-175.60559841303308
-175.88165754550147
-176.20544760833332
-176.4894893226473
-176.78610689257064
-177.07037352343593
-177.35102863626932
-177.62051473264924
-177.8767010635734
-178.13302599950617
-178.40846722110712
-178.7025478542139
-178.99169043092562
-179.2938824031943
-179.5804532560136
-179.87423934190386
-180.15438092139894
-180.4530461658557
-180.7243671620582
-181.01340080878575
-181.28135369181197
-181.60248785304466
-181.87750011665008
-182.17257465524708
-182.44016759310108
-182.72461025643688
-183.01562759875364
-183.32925711028926
-183.62788361667114
-183.90686642091939
-184.18947019800305
-184.46786291739423
-184.76421183561578
-185.08830182836078
-185.3657785997115
-185.6403700726105
-185.92777567970512
-186.19882037528765
-186.48422346302738
-186.76401020976132
-187.0497305625782
-187.34157191578038
