-1.6326453617587686
-3.178279961198568
-4.396864686608314
-5.630172340869904
-6.771469173431396
-8.107605704665184
-9.021043608784675
-9.967004393935204
-11.078481574058532
-12.359685950279236
-13.279111189842224
-14.207097854614258
-15.001918661594392
-15.773326992988586
-16.512273790836336
-17.57585213184357
-18.417091495990753
-19.097750823497773
-19.84541795730591
-20.653424139022828
-21.412691502571107
-22.172916955947876
-22.911660733222963
-23.496761269569397
-24.127745184898377
-24.908630080223084
-25.56806844711304
-26.362411193847656
-26.964292612075806
-27.745913171768187
-28.362270021438597
-29.121796350479126
-29.771444697380065
-30.573293437957762
-31.29232274055481
-32.03603176116943
-32.706920318603515
-33.407766056060794
-34.307380561828616
-34.8329599571228
-35.45960789680481
-36.11670550346375
-36.76542275428772
-37.42320103645325
-37.85251583099365
-38.8275315284729
-39.4560636138916
-40.084415655136105
-40.605232105255126
-41.13349390983581
-41.700927333831785
-42.455284414291384
-43.02951477050781
-43.43609783172607
-44.28849750518799
-45.04976969718933
-45.655504083633424
-46.16589285850525
-46.72495247840882
-47.23944200515747
-47.82086784362793
-48.32991338729858
-49.08393367767334
-49.63293506622315
-50.104507255554196
-50.64754587173462
-51.05850078582764
-51.675110569000246
-52.1271021270752
-52.723815994262694
-53.18529172897339
-53.84256326675415
-54.357437705993654
-54.91065521240235
-55.59437780380249
-56.176620407104494
-56.809878749847414
-57.43956764221191
-57.99457525253296
-58.48636613845825
-59.25752571105957
-59.66899137496948
-60.28901741027832
-60.882407417297365
-61.492546730041504
-62.11939504623413
-62.62554389953613
-63.10413507461548
-63.74008182525635
-64.45012966156006
-64.97150156021118
-65.62240665435792
-66.2685380744934
-66.87032270431519
-67.37153423309326
-68.15774555206299
-68.66333200454712
-68.96091949462891
-69.34724866867066
-69.66190839767457
-70.10099601745605
-70.50466102600097
-70.88475616455078
-71.52592357635498
-71.85439243316651
-72.30314037322998
-72.91167743682861
-73.27175285339355
-73.88582530975341
-74.53676279067993
-75.12161333084106
-75.59064456939697
-76.02331661224365
-76.5272541809082
-77.00607917785645
-77.46258895874024
-77.9804568862915
-78.3833182144165
-78.81702163696289
-79.28396179199218
-79.71352626800537
-80.06533657073975
-80.44640243530273
-80.83391326904297
-81.38401504516601
-81.93112785339355
-82.32148273468017
-82.81200870513916
-83.3595006942749
-83.80517421722412
-84.28196937561034
-84.79013874053955
-85.20893287658691
-85.58647438049316
-86.16018165588379
-86.57092426300049
-87.03502708435059
-87.38839530944824
-87.72595649719239
-88.15935230255127
-88.50695079803467
-89.11894485473633
-89.58386695861816
-90.09212440490722
-90.55218887329102
-90.98348052978515
-91.40319007873535
-91.79325439453125
-92.1286170578003
-92.54524005889893
-93.1088765335083
-93.6248620223999
-94.11368663787842
-94.67146018981934
-95.28724521636963
-95.7991450881958
-96.15474632263184
-96.65196239471436
-97.09041275024414
-97.55302158355713
-98.00359325408935
-98.4906777191162
-98.93723819732666
-99.36116394042969
-99.73840408325195
-100.25565994262695
-100.69322532653808
-101.10727592468261
-101.45432727813721
-101.94610370635986
-102.30190982818604
-102.62228122711181
-103.02523361206055
-103.36219890594482
-103.75529720306396
-104.08452236175538
-104.45562808990479
-104.86704811096192
-105.22355018615723
-105.55034023284912
-105.95636608123779
-106.42980094909667
-106.89485019683838
-107.38473495483399
-107.74999691009522
-108.2147526550293
-108.67863719940186
-109.26937686920166
-109.79839721679687
-110.24137725830079
-110.5383532333374
-110.99932006835938
-111.53535152435303
-111.93856838226318
-112.31266311645508
-112.57529109954834
-112.9773959350586
-113.40807460784912
-113.80078136444092
-114.50460487365723
-114.78321388244629
-115.34780521392823
-115.73121883392334
-116.16929508209229
-116.63649517059326
-117.02306289672852
-117.36496063232421
-117.89902236938477
-118.3042866897583
-118.7264939880371
-119.09406028747559
-119.39128002166748
-119.8882317352295
-120.32014961242676
-120.89273323059082
-121.30837966918945
-121.78118019104004
-122.32658294677735
-122.8798844909668
-123.43505294799805
-123.77004264831542
-124.32004142761231
-124.6488288116455
-124.98191467285156
-125.25311294555664
-125.70984420776367
-126.14355461120606
-126.46094520568847
-126.72877334594726
-127.07017654418945
-127.39284202575683
-127.59794830322265
-128.1077439880371
-128.4048455810547
-128.759125289917
-129.10924438476562
-129.5721639251709
-130.15120231628418
-130.50988487243652
-130.95787300109862
-131.3433511352539
-131.80940872192383
-132.17490364074706
-132.55751022338868
-132.94289566040038
-133.4775617980957
-133.94317962646485
-134.27664428710938
-134.6360846710205
-135.14249542236328
-135.59760078430176
-136.02199523925782
-136.3594906616211
-136.67139610290528
-136.9549432373047
-137.31562385559081
-137.66390487670898
-138.19086585998537
-138.6052621459961
-138.8850537109375
-139.24916244506835
-139.6422608947754
-140.04908500671388
-140.5276644897461
-140.82406295776366
-141.19165077209473
-141.6033299255371
-141.9791047668457
-142.32311401367187
-142.5874574279785
-142.8402629852295
-143.31050048828126
-143.78753021240234
-144.15023612976074
-144.49934524536133
-144.79226860046387
-145.10167724609374
-145.5050570678711
-145.91508499145507
-146.16151542663573
-146.47647315979003
-146.68028366088868
-147.09608604431153
-147.58952926635743
-148.00791282653807
-148.41764793395996
-148.71458786010743
-149.1083213043213
-149.3648250579834
-149.77045570373537
-150.25418228149414
-150.5507022857666
-150.9789073944092
-151.43431419372558
-151.80907684326172
-152.1889743041992
-152.53819259643555
-152.95077598571777
-153.42482650756835
-153.78258171081544
-154.29163040161131
-154.7759344482422
-155.14235969543458
-155.64480712890625
-155.92843826293947
-156.37965156555177
-156.8812092590332
-157.2097533416748
-157.47809951782227
-157.8751114654541
-158.35867469787598
-158.80086730957032
-159.28381446838378
-159.78089294433593
-160.23188591003418
-160.58816589355467
-161.00439865112304
-161.34054321289062
-161.87345977783204
-162.2551306915283
-162.62696937561034
-162.90834312438966
-163.20233154296875
-163.6010583496094
-164.06430282592774
-164.40398162841797
-164.84699829101564
-165.23448043823242
-165.65474853515624
-166.00874404907228
-166.48339561462402
-166.8785634613037
-167.18745384216308
-167.53087730407714
-167.85483764648438
-168.1166742706299
-168.51661270141602
-168.92698135375977
-169.2572396850586
-169.5849001312256
-169.96594345092774
-170.172885055542
-170.49072540283203
-170.87242721557618
-171.11937477111817
-171.5793741607666
-171.90589950561522
-172.49862007141112
-172.71768341064453
-173.0831690979004
-173.61396118164063
-173.95914054870605
-174.32198638916014
-174.67028045654297
-174.8646434020996
-175.22145523071288
-175.59256118774414
-176.00656677246093
-176.3408154296875
-176.56298355102538
-176.92365791320802
-177.30031028747558
-177.5470114135742
-177.78412712097168
-178.15236221313478
-178.44088325500488
-178.8415212249756
-179.12038566589356
-179.5260516357422
-179.80315872192384
-180.20179405212403
-180.5319758605957
-180.93242820739746
-181.33627922058105
-181.72838722229005
-182.1052272796631
-182.4186910247803
-182.76892768859864
-183.04769721984863
-183.46234397888185
-183.90414390563964
-184.1284341430664
-184.3688452911377
-184.64582946777344
-185.09150901794433
-185.54396575927734
-185.9932669830322
-186.35551872253419
-186.70825286865235
-187.04826965332032
-187.37179145812988
-187.67153602600098
-188.01490303039552
-188.4398036956787
-188.74490272521973
-188.95374031066893
-189.2884490966797
-189.68290084838867
-190.0285789489746
-190.44769493103027
-190.70800231933595
-190.97694526672365
-191.21399154663087
-191.54154647827147
-191.83381591796876
-192.09935676574707
-192.42898414611815
-192.74588073730467
-192.98749542236328
-193.28655563354494
-193.59526641845704
-194.07673919677734
-194.32833793640137
-194.705779876709
-195.0665697479248
-195.27765953063965
-195.60594375610353
-195.8920147705078
-196.2006282043457
-196.58255516052247
-196.87228706359863
-197.13076622009277
-197.47085411071777
-197.79062370300292
-198.18308067321777
-198.5481462097168
-198.82737869262695
-199.1721396636963
-199.5123024749756
-200.0708805847168
-200.5180741119385
-200.8488540649414
-201.09856643676758
-201.61720390319823
-201.96528762817383
-202.37088485717774
-202.70593009948732
-202.99325202941895
-203.25398712158204
-203.538270111084
-203.7582849121094
-204.02375862121582
-204.25945350646973
-204.5451277923584
-204.97254821777344
-205.1766072845459
-205.50708671569825
-205.98502616882325
-206.30234855651855
-206.64678298950196
-206.9325856781006
-207.2940880584717
-207.57220191955565
-207.8537210083008
-208.3548907470703
-208.67295051574706
-209.07151527404784
-209.3257236480713
-209.6829727935791
-209.94743286132814
-209.7428743767016
-210.09439063794684
-210.4457102303553
-210.71800940927832
-210.9796959462792
-211.24962700737848
-211.6042690855084
-211.90606851288766
-212.42057029647057
-212.6710293702405
-213.02544657389322
-213.25370565086905
-213.59374761099767
-213.79776394005978
-213.96642403650765
-214.34129965425743
-214.60842687433416
-214.92175894072562
-215.37731895061455
-215.64660868018564
-215.80387932363183
-216.07685358837398
-216.32105170355902
-216.592841870857
-216.1466013849998
-216.43037601393095
-216.76308246534697
-217.06506184169226
-217.243718361368
-217.54572950090682
-217.8601914230658
-218.12851201271525
-218.3184645516532
-218.62914805509607
-218.84221057502592
-219.1489220444037
-219.38433285148776
-219.5981175169653
-220.0091625135772
-220.3711555636659
