-1.8445829551713542
-3.6046048365241212
-5.442228677000261
-6.89015511638122
-8.264504369700816
-9.59476219253046
-10.809646409517295
-11.975004776426227
-13.089176669379334
-14.128732732712644
-15.182806413114948
-16.18114876551355
-17.094919061085907
-17.957479542244148
-18.80038417798538
-19.66298776590022
-20.421405299386713
-21.21300091231716
-21.936076595737447
-22.64773627417321
-23.28323707560696
-23.952532722466245
-24.630331216701034
-25.266525578405254
-25.859333325643856
-26.457344862620804
-26.997157574459038
-27.571213848060523
-28.120385451437347
-28.676490949602805
-29.19483299658908
-29.70402415563063
-30.188386331546905
-30.659690074958117
-31.158246616875566
-31.645620217493324
-32.06240367206138
-32.46892456479089
-32.88964505987642
-33.30710771321233
-33.70615559724823
-34.12451335443868
-34.50464518987109
-34.92134523414052
-35.26121598598456
-35.675887255716724
-35.997735733543465
-36.351732588692784
-36.71349960448755
-37.05205364512505
-37.38396715628458
-37.66111606706813
-37.99151371429677
-38.31211969926532
-38.64040692160542
-38.96203550687807
-39.28713758143388
-39.57856552694038
-39.87826810788321
-40.13777254685266
-40.38507920693408
-40.6463763329298
-40.92313536005304
-41.215459093267576
-41.49160783549916
-41.78257335836144
-42.05640835705605
-42.326766050067
-42.57493737599924
-42.8546747338244
-43.15874709220515
-43.43081759473488
-43.66298823692214
-43.93051865258891
-44.15599376877067
-44.40967442205872
-44.66205326570602
-44.91310831309245
-45.141178871741204
-45.373184649906165
-45.59524801362739
-45.83076839375661
-46.053823760502354
-46.266128557294024
-46.4972262448519
-46.730854686023775
-46.94090137174197
-47.16437469442439
-47.41651966871606
-47.61961028099905
-47.84345478810877
-48.04507308012208
-48.2751065033586
-48.49610551198448
-48.703985378018594
-48.94952596509533
-49.17453227835658
-49.3848696233278
-49.59464439425908
-49.82957211205838
-50.023551188810124
-50.236153509889746
-50.45138028194668
-50.6350036126009
-50.85709904193018
-51.080508579218964
-51.30088056143749
-51.50316345604785
-51.69780651419442
-51.93139080082136
-52.1168986445688
-52.31497850586337
-52.509999606972016
-52.73521511627363
-52.95891456959975
-53.16661197922768
-53.3345853930419
-53.55231974215436
-53.76464398123683
-53.95118859183646
-54.19151908510967
-54.40409204562004
-54.59031727794159
-54.73291351351214
-54.958513550373915
-55.151658493319566
-55.36588041201223
-55.59083593785613
-55.799702801481914
-56.023300688193125
-56.23292752781033
-56.44281791526184
-56.64423282143658
-56.85175064737547
-57.03708483502048
-57.2179852824237
-57.42772934202308
-57.64236788164901
-57.82835638921237
-58.02648212726083
-58.204197114864655
-58.35732874462039
-58.538434267536
-58.73891492712276
-58.93599482658725
-59.16930414921322
-59.362705349096125
-59.55862313660753
-59.745149436522794
-59.93328904604784
-60.09830258412414
-60.275082845282185
-60.457615088283056
-60.64797223274348
-60.83726858410367
-61.01965620575174
-61.250201050223986
-61.43804451147844
-61.60864616972903
-61.8472571090209
-62.05703823209109
-62.24172131136115
-62.44581453231643
-62.62944019479252
-62.813623125542854
-62.999258963203104
-63.21107497171183
-63.385413301396035
-63.57239153430506
-63.75046765595124
-63.88348106437126
-64.09120620657845
-64.26982104383006
-64.46663409464642
-64.6344252170463
-64.79726874416528
-64.98788960854613
-65.17011593753759
-65.36890453660995
-65.52623208206684
-65.77082746641112
-65.98725984221456
-66.17316102604762
-66.36108901917956
-66.56186569495712
-66.76001664282394
-66.95826790656345
-67.1470974305498
-67.3583099935192
-67.56657797931612
-67.73610781763813
-67.91778215943695
-68.09327412106927
-68.2853977881086
-68.47373713321659
-68.67382410654365
-68.84431013463279
-69.00135088701956
-69.1808948755273
-69.39206364682148
-69.58039362315373
-69.78989914500215
-69.95797702308425
-70.11051345497388
-70.28686431583536
-70.47541445458148
-70.6563787001813
-70.8481902457293
-71.02547682582497
-71.19970262400857
-71.36165612238281
-71.57311238879744
-71.72828441912715
-71.8952744126288
-72.13117537240413
-72.311095336329
-72.47994422616789
-72.62960294620294
-72.79566414425337
-72.9794262604861
-73.19364114594258
-73.36752105959597
-73.59203937502784
-73.74823680093685
-73.93746762018003
-74.09814826556652
-74.2663137197295
-74.47985948340295
-74.64435085320595
-74.84858555073802
-75.02686846510487
-75.20367022306078
-75.36144747636232
-75.54648674043769
-75.72036240729105
-75.88500242373749
-76.06205028389901
-76.28528593360679
-76.44384391705402
-76.61858638206057
-76.7940426426936
-76.97448699185483
-77.14487253698474
-77.3075273003877
-77.49989302955275
-77.650398447258
-77.83877858214287
-78.04648687056083
-78.22726068721708
-78.38974201722662
-78.56116363485599
-78.74075836687112
-78.89161328791508
-79.10493461187666
-79.30728524363381
-79.48578448155295
-79.66142664861853
-79.85234563851229
-80.02217751562144
-80.21317771853637
-80.40221366015864
-80.57679899220042
-80.76285278936187
-80.95088015438246
-81.10300729639056
-81.2302456738801
-81.36526966471271
-81.51679976076873
-81.68100105213328
-81.8463308700451
-81.99713387760734
-82.16416533070092
-82.2832347271425
-82.42480330525568
-82.53762151822184
-82.66600256397797
-82.8509861038312
-83.02174741563513
-83.17856128558114
-83.39532109711438
-83.54475521995582
-83.69035857579195
-83.796815514056
-83.97220088386831
-84.12053204037744
-84.27820714324032
-84.44621268892848
-84.61401835416075
-84.75828671739644
-84.92409904612565
-85.06689913085116
-85.2066083146835
-85.36403002167249
-85.54158070951217
-85.72730088249806
-85.86102456757254
-86.03987258954247
-86.21746840783973
-86.30526100382168
-86.46818384866123
-86.65402483132073
-86.81647199438021
-86.98183533592827
-87.15776936638464
-87.3153787199779
-87.42359805463052
-87.60173675970232
-87.7680101217378
-87.88590094185405
-88.04930073079184
-88.21045532392296
-88.43499651023129
-88.63063868987938
-88.79747442956068
-88.92143071926948
-89.05070672063943
-89.22893123800394
-89.40903012070493
-89.53384294111166
-89.73281599886592
-89.88052983154837
-90.03164712215813
-90.19769948880875
-90.4037764715834
-90.56825436257368
-90.68009228810166
-90.80009811539696
-90.95747183545497
-91.08493731137692
-91.2694487894049
-91.47438837313693
-91.64095800930733
-91.80259951425231
-91.95299241380229
-92.14548647989113
-92.28996678920916
-92.37128296704681
-92.55750678742014
-92.7248264640868
-92.9495139944688
-93.12171016439574
-93.31697433289355
-93.52972262847372
-93.66195097678371
-93.78039403993404
-93.92770789649681
-94.08341901727627
-94.19302708398365
-94.38453881090717
-94.53926302378446
-94.68416595418273
-94.72379440356497
-94.7991697728289
-94.95196955942252
-94.90507338682552
-95.08237611099845
-95.26378530141479
-95.42739844631954
-95.76007640190178
-95.90131384584545
-96.12116478195345
-96.30229303168258
-96.47376324372144
-96.63447677144354
-96.782537168385
-96.91646631147886
-97.05745596434969
-97.16785906110523
-97.35509942554046
-97.50324297649551
-97.67711152400682
-97.83275716294797
-97.95027868794095
-98.11001412122998
-98.26558072936461
-98.46787640495073
-98.57424642407892
-98.85096251672861
-98.98701603672674
-99.13108726788211
-99.2820195935994
-99.48309602152223
-99.62267329078826
-99.73842180358791
-99.89606421722887
-100.03473124513098
-100.24894303925062
-100.3911775511057
-100.61662860625957
-100.69657655868396
-100.82406325836409
-100.96824380265127
-101.09411701089424
-101.26575914515576
-101.42646429932338
-101.39433889967657
-101.52381783043008
-101.66237702712564
-101.81393304986612
-101.96141755468541
-102.19046869474232
-102.33596857917043
-102.41024242386828
-102.5004706162958
-102.66789212967674
-102.83745986650108
-103.00080678960464
-103.22071340969178
-103.3608439148107
-103.45674110023582
-103.5960717612532
-103.73633890845736
-103.87033748486225
-103.97530443033061
-104.03942926214764
-104.18123278032186
-104.31528463856992
-104.4506121693661
-104.4865621057561
-104.7219671566723
-104.80500810921569
-105.03937274072929
-105.18864767131831
-105.343024330395
-105.52593880655895
-105.67913617422643
-106.15422628965962
-106.36854961829445
-106.55591806370866
-106.7275153675828
-106.82473089501839
-106.9817916079512
-107.13072996883315
-107.279714522817
-107.44168531520418
-107.54549323321662
-107.72975087246103
-107.88053211495037
-107.97942811706014
-108.11986496180079
-108.27623375874671
-108.42414386532094
-108.57813327114836
-108.64195044826367
-108.79767934075302
-108.84000194639556
-109.0286914557005
-109.20340623113309
-109.3718834972113
-109.49595848273566
-109.65082167456924
-109.88327309606345
-110.03561078752226
-110.1299595610571
-110.2663963993175
-110.31832615045418
-110.50669821588663
-110.71355028486047
-110.89721969767743
-111.02127719564142
-111.17474789975317
-111.26925489566811
-111.4264704665231
-111.6499779005147
-111.79072252392572
-111.95300211751852
-112.08831031998214
-112.2541883238326
-112.39929766366691
-112.5262674719711
-112.80762997700617
-112.93227932834192
-112.84218722165777
-112.99880344851704
-113.20545130243642
-113.31956672065073
-113.4878793833403
-113.55600388124215
-113.70532498558333
-113.88652084087231
-113.9954390611222
-113.99695299313123
-114.06456533661013
-114.20084992576855
-114.30584826686145
-114.44946409205177
-114.48173873902434
-114.65402877253386
-114.71158191728557
-114.881566904674
-115.03705139699393
-115.1862046271948
-115.52483312951425
-115.68469326341456
-115.89383863690163
-115.9983857967145
-116.10304897982415
-116.43865388948106
-116.57793918010752
-116.71091888783778
