-1.4683840637207028
-2.659803562164307
-3.4093699069023136
-4.062677911281586
-4.676982681751252
-5.265862617969514
-5.822400519371033
-6.367105432987214
-6.905108028888702
-7.426197009563447
-7.96233009147644
-8.468993624210357
-8.939912535190581
-9.41769066286087
-9.8559694647789
-10.353448514938355
-10.813752870559693
-11.309299436092374
-11.76445393514633
-12.202836532592773
-12.696171776294712
-13.129841242313386
-13.561650761127474
-14.021779232978822
-14.48792288017273
-14.932680924892425
-15.413701773166656
-15.854317167282105
-16.30522718667984
-16.761750392913818
-17.203920982360838
-17.641778533935547
-18.110382578372956
-18.564528246879576
-19.014010880947115
-19.438798181533812
-19.92285799837113
-20.41797657442093
-20.870130433082583
-21.321566520690922
-21.794610917091372
-22.261242053031914
-22.737843249797823
-23.217621508121496
-23.690143505573275
-24.17141309213638
-24.64661641502381
-25.097709235668184
-25.545806005477903
-26.005522614955908
-26.45693480920792
-26.89504014635086
-27.373363328456875
-27.824976619243625
-28.312065087318423
-28.781005171775817
-29.212790287971494
-29.67127939367294
-30.13467922782898
-30.60350500392914
-31.058808540821072
-31.566308312416076
-32.05569166612625
-32.4986305179596
-32.95897084617616
-33.43552646064758
-33.89167323970795
-34.37026725435257
-34.83002856731415
-35.32408205747605
-35.77657473373414
-36.21330769538879
-36.65767777633667
-37.07523687791824
-37.524080554962154
-37.94121517896652
-38.398501773357395
-38.852093416690835
-39.31649095392227
-39.77144219779968
-40.22506150484085
-40.65726557445526
-41.10867872095108
-41.56003873252868
-42.02005535888672
-42.48784131240845
-42.93547508144378
-43.353285881996165
-43.80665545797346
-44.24338633394242
-44.696201950550076
-45.15643018388749
-45.64090932607651
-46.088686861515065
-46.55258639144897
-46.99975240421295
-47.43788827800751
-47.89661987018586
-48.34037386417388
-48.820902666568756
-49.247855444431316
-49.64305982542038
-50.04504903841018
-50.464655606746675
-50.91169728326798
-51.37488624143601
-51.836121710300446
-52.28819611692428
-52.72632331514358
-53.20167103815079
-53.61907880067825
-54.08675135850906
-54.50982571363449
-54.96231855726242
-55.39497935056687
-55.81188654279709
-56.27417192029952
-56.73294239091874
-57.148169869899746
-57.572099874019635
-57.99668015336991
-58.420864154338844
-58.84814450883865
-59.28199688291549
-59.730060021877286
-60.199546423435216
-60.65922288274764
-61.08575165224076
-61.52639065599441
-61.95176178979874
-62.388780501842504
-62.83176496744156
-63.26697704648972
-63.71170956659317
-64.14892445230484
-64.57475824403762
-64.97142918157579
-65.40538635587693
-65.81913454580307
-66.26935207414627
-66.72143959760666
-67.16564768362045
-67.57959962415696
-67.996340154171
-68.42159207201004
-68.86679963159563
-69.26225744962692
-69.68686936426163
-70.09913334703445
-70.50340538167954
-70.92983967256546
-71.33898894929885
-71.77640840387346
-72.19893191385269
-72.63107064962387
-73.05182905817033
-73.4821322169304
-73.87816089200973
-74.26358308935166
-74.69674424314499
-75.11284541082382
-75.53952929449082
-75.98510312032698
-76.41008761739731
-76.81619969129562
-77.2408275065422
-77.6241553530693
-78.09962040281296
-78.55802668714522
-78.99542671346666
-79.42637120962144
-79.80065189504624
-80.22938794851304
-80.6690976872444
-81.09885866212844
-81.499501390934
-81.92737124872207
-82.34031231927872
-82.77135124063493
-83.16404983186723
-83.60809484529499
-84.04795716142655
-84.44611513280869
-84.86689384031297
-85.28732175970077
-85.68847945165635
-86.1172643465996
-86.5062606444359
-86.93199982404708
-87.33159340429307
-87.74718061399459
-88.16155417585377
-88.54340719938278
-88.96285003232956
-89.3611834540367
-89.7524898581505
-90.15824898099899
-90.58332574224472
-91.02651529836653
-91.43267211675644
-91.83562934446336
-92.2343123679161
-92.64775486707687
-93.07222923803329
-93.51403035306932
-93.91941982889175
-94.35516965246201
-94.76674884748459
-95.16564775037767
-95.57000646924975
-95.99399615144728
-96.40449003839493
-96.79445355463025
-97.21940892076492
-97.6380592713356
-98.06788160943985
-98.45784768056869
-98.87141940641405
-99.29121110296249
-99.71074008893966
-100.12377425336837
-100.54070862913132
-100.92833375501633
-101.31633614492416
-101.74757997846604
-102.1721054301262
-102.58267385816572
-103.01683683919907
-103.40856507444383
-103.88948365926743
-104.25514710760118
-104.6716353907585
-105.102699655056
-105.53720874166491
-105.97496496343614
-106.37609183454514
-106.78093777227402
-107.1871262011528
-107.62026009321212
-107.99243708944323
-108.42045422124863
-108.82336811208727
-109.23771351385116
-109.67154133272172
-110.02943158388138
-110.4426343331337
-110.86585158395768
-111.24383565950393
-111.62845752954483
-112.05594610261916
-112.46833591890334
-112.87162670564653
-113.28456544351576
-113.68367124032974
-114.08579338693619
-114.500350918293
-114.91229767274858
-115.31276421976091
-115.68459031724929
-116.08628836107255
-116.50155012655259
-116.88773559904101
-117.27488468503952
-117.65509670782086
-118.06432714605333
-118.43198310327529
-118.81338080263136
-119.21020205545425
-119.61061367082597
-120.0074362874031
-120.38539539575578
-120.76750762414935
-121.16048641157151
-121.5836508154869
-121.9711755642891
-122.36466517114637
-122.74443578767777
-123.1234389424324
-123.53860062074658
-123.90616261148452
-124.33273969697952
-124.75021813631054
-125.14374738931656
-125.51563254785539
-125.90642318201066
-126.30960811853409
-126.69859901094436
-127.08712464952468
-127.47007049226761
-127.84183573198317
-128.23262169885638
-128.60261347055433
-129.00184806108476
-129.3515966954231
-129.7480833287239
-130.15282115125655
-130.53824716520307
-130.94238608503343
-131.3304053053856
-131.74010611391068
-132.16210148000718
-132.5448912329674
-132.92456738805768
-133.29472388219833
-133.6887701792717
-134.10911794328692
-134.50173069524763
-134.91047739934922
-135.30849142026904
-135.69988409376145
-136.10048678350452
-136.5031554427147
-136.87499208021165
-137.25084637594222
-137.6307031464577
-138.03680604028702
-138.48020408296583
-138.87333485651016
-139.24602628946306
-139.64729210710524
-140.04367155408858
-140.41555609846114
-140.80136310529707
-141.1971933054924
-141.59325323820116
-141.9416200785637
-142.33039372205732
-142.70988277101517
-143.10030668687818
-143.4535658288002
-143.85659009218216
-144.22923711633683
-144.6323074784279
-145.01732983636856
-145.37295705080032
-145.76829465150834
-146.14535970449447
-146.538512614727
-146.92812671613694
-147.30086000776294
-147.71829358816146
-148.10232329320908
-148.48306835126877
-148.88886263608936
-149.23427024030687
-149.61848984479903
-149.99486834859846
-150.35115573072434
-150.74013563489916
-151.12593358182912
-151.49153631544112
-151.89518712568284
-152.26110344457626
-152.62477796316148
-153.0121234755516
-153.35566440057755
-153.74216622400283
-154.12345196390152
-154.51505505990983
-154.87301861047746
-155.2608950276375
-155.6263268971443
-155.99269169664382
-156.40101423120498
-156.75942452096942
-157.1318973031044
-157.49366843652723
-157.88242611169815
-158.25799146127702
-158.6323299012184
-159.02064390230177
-159.41841694307325
-159.80103372240066
-160.1823591542244
-160.53086095094682
-160.92011415147783
-161.30548982286456
-161.67712551164624
-162.05707137155534
-162.43527108621598
-162.8121851220131
-163.21477656030655
-163.63307382631302
-164.00456070375444
-164.38894186258315
-164.79131388812314
-165.1601848351077
-165.54457851959526
-165.8984362117115
-166.31141362368436
-166.70073913200278
-167.057721365753
-167.44093620297784
-167.8080162712649
-168.18234992125156
-168.55561197228187
-168.92809728971278
-169.27269801297942
-169.66382631570414
-170.0527777530018
-170.40711854068857
-170.7585875334238
-171.11303267606934
-171.48363608126888
-171.83030580949784
-172.1889362025763
-172.58108586449373
-172.95597227816833
-173.32993324979986
-173.73203876492852
-174.1183010105083
-174.49514591525727
-174.87427124793908
-175.22554406765886
-175.57957283097815
-175.93334794292952
-176.31799517854893
-176.68965147482723
-177.04884983386495
-177.4274984873973
-177.79957886828873
-178.16758088355311
-178.53128154742092
-178.88911932731926
-179.2998009984619
-179.73198411276465
-180.10297270671944
-180.5052684621058
-180.86814972664183
-181.26105480051035
-181.65395388570587
-182.0589814355499
-182.40709365510935
-182.76346113995496
-183.12098087499012
-183.50810536572808
-183.86120963666315
-184.27449602666655
-184.63812044231517
-185.0033052786526
-185.35300581026075
-185.72029410319578
-186.08299402646014
-186.4692310486593
-186.83699544532675
-187.18525008992145
-187.54621251535417
-187.93330832027138
-188.29125630627178
-188.63819814779882
-188.97717196301403
-189.35245669262028
-189.73538114294254
-190.13107308826943
-190.50290006464405
-190.91107463512918
-191.28950638678197
-191.69120823265376
-192.0562411291976
-192.45804588074432
-192.83867894220347
-193.21259826366523
-193.58548541367682
-193.95810403299333
-194.32577221135088
-194.67560447108121
-195.07248209669717
-195.46453809886228
-195.82329272548773
-196.16757300434617
-196.53512939801968
-196.89339601293364
-197.2785764675893
-197.65626879609255
-198.03208534940921
-198.4037700785336
-198.77051516701042
-199.14769496704403
-199.50041269641176
-199.84502455186845
-200.18517215615827
-200.56620621518084
-200.9190137942214
-201.2554962193088
-201.63065882399212
-201.98467725490272
-202.32806325387955
-202.6832543346756
-203.04651000120757
-203.40125743471947
-203.7404804047785
-204.10542747766092
-204.44568213229425
-204.79967648473536
-205.15568859178148
-205.51833004115758
-205.87056545064323
-206.2283485916289
-206.60107177591323
-206.937524720719
