-1.3888715808670973
-2.5706814475283024
-3.6105779905766253
-4.5173426952511075
-5.3399529304355395
-6.1323920088410375
-6.871156856298447
-7.520349923074246
-8.202278602689505
-8.841282160133124
-9.416537153303622
-10.001421413481236
-10.543665212988854
-11.072564432978634
-11.577718663185836
-12.090306966245173
-12.571420097053052
-12.996733900368215
-13.440395844519138
-13.889020376443863
-14.320559253811837
-14.708070445597173
-15.073430017828938
-15.467149295747282
-15.832253777503968
-16.214839869976046
-16.573501674473288
-16.95623721796274
-17.323427181661128
-17.683778295874596
-18.02667715936899
-18.385097609460356
-18.696007383882996
-19.008082001268864
-19.332593484580517
-19.650581886827943
-19.929221756875513
-20.21004582345486
-20.515897668123245
-20.818567370295522
-21.085511272013186
-21.366643045961855
-21.661952214419845
-21.926267092049123
-22.202773226916793
-22.47373932391405
-22.73040300554037
-23.017323821485043
-23.257432611227035
-23.53568844163418
-23.783664260566233
-24.043296017110343
-24.281446648776534
-24.546357392430306
-24.795098721027372
-25.037040867328646
-25.254420208930966
-25.498711292505263
-25.74620201528073
-25.960056240797044
-26.19458780038357
-26.412274168848988
-26.639135448217395
-26.857908716022965
-27.04722173207998
-27.25385028356314
-27.464139175474646
-27.678940709233284
-27.882798262953756
-28.092019265294073
-28.31922112202644
-28.520376360774044
-28.74467887735367
-28.970613635063174
-29.18952646875381
-29.392985976696014
-29.59256398624182
-29.814872833073142
-30.017371296942237
-30.21931667220592
-30.41209283143282
-30.6249102922678
-30.836330377936363
-31.00289693653583
-31.192108725309378
-31.374813908100126
-31.54615002608299
-31.75072289323807
-31.9583915245533
-32.152677261352544
-32.34227714538574
-32.53646849030256
-32.71769770991803
-32.882629305899144
-33.067740454733375
-33.25948408442736
-33.452825215399265
-33.635441604316235
-33.81677046221495
-34.007733765900134
-34.17735694712401
-34.3688158556819
-34.536436667799954
-34.69848431313037
-34.85714277034998
-35.03019688320159
-35.1905934856534
-35.344014845848086
-35.520055484175685
-35.70931129610539
-35.87974912846089
-36.0492658560276
-36.2236638828516
-36.39639401960373
-36.56050520479678
-36.724215504288665
-36.863840930819514
-36.98431930875778
-37.15252544820309
-37.31260041427612
-37.45149438238144
-37.60774242794514
-37.7462467110157
-37.90888360679149
-38.04860299634933
-38.19173633372784
-38.362725761175156
-38.52304038655758
-38.686943330407146
-38.862518824815744
-38.999143440485
-39.14778864371777
-39.28247226625681
-39.420707245051865
-39.5674413947463
-39.69437616986036
-39.809599465072154
-39.955305205762386
-40.08347661513089
-40.205588126957416
-40.338335072100165
-40.471494964301584
-40.596431643784044
-40.7240930544138
-40.85202184271812
-40.97629721653461
-41.11774359762669
-41.26118163561821
-41.386690230846405
-41.519777449846266
-41.64526956188678
-41.78325007772445
-41.91824152112007
-42.052150500059135
-42.1863650148511
-42.315617912948134
-42.452609554171566
-42.563190138459206
-42.69250696825981
-42.816082666099064
-42.94732843571901
-43.07457002002001
-43.2062125890851
-43.322436970531946
-43.44440009361505
-43.55772424262762
-43.685881367385385
-43.814359209656715
-43.94531346058846
-44.07240034216642
-44.190283475577836
-44.31023124343157
-44.423641382873065
-44.555133796870706
-44.66547207742929
-44.79437221449612
-44.90494242352247
-45.0097239024043
-45.13599232488869
-45.25122402518988
-45.36815660494566
-45.49412989205123
-45.6064840245843
-45.71737728106976
-45.83483516335488
-45.93522227185965
-46.03541220861673
-46.138533395826826
-46.24401068812608
-46.37710994356871
-46.49216441541908
-46.5817345815301
-46.68678049510718
-46.79044779318571
-46.90472894614934
-47.01772079235316
-47.12325787109136
-47.25970479893683
-47.35504362881183
-47.469124965190886
-47.576496063828465
-47.68639933633804
-47.79789390206338
-47.91361567652225
-48.02204042673111
-48.12474826192856
-48.22091104662418
-48.316840586066256
-48.41881111127137
-48.51652533000707
-48.607274284005165
-48.70800212746859
-48.83006203263999
-48.94774088352919
-49.0578476254344
-49.16751355713606
-49.263877918303
-49.36791585355997
-49.47010728234052
-49.568140315830696
-49.669691876471035
-49.77758038330078
-49.88218463879824
-49.97649010103941
-50.06217188197375
-50.15897658973931
-50.27394912725688
-50.382274683415886
-50.48718851202726
-50.578211673080915
-50.68129868143797
-50.7792856592536
-50.8583243739009
-50.948358013212676
-51.03148972547055
-51.125327196717265
-51.24577765274047
-51.3478912242055
-51.44408755177259
-51.55490930849315
-51.65404690891505
-51.747194132983694
-51.841838285386565
-51.935909426391135
-52.03029327887297
-52.13762983304263
-52.22418569558859
-52.3225412364006
-52.40597562402486
-52.49571255689861
-52.58441652899981
-52.668950784027565
-52.7724258082509
-52.86084730738401
-52.95941790527106
-53.04596340721846
-53.12994992369414
-53.24195552366971
-53.342715901792054
-53.43108434277773
-53.510243824183945
-53.614843386292456
-53.71358747535944
-53.80159162801504
-53.874909890234456
-53.96162785500288
-54.06416605097056
-54.153110091805466
-54.24028069400787
-54.345667290806766
-54.42927441835403
-54.510332057237626
-54.59491873955726
-54.686902370870115
-54.77627826857568
-54.866068397045126
-54.95623721319436
-55.04286162286996
-55.11648713809252
-55.211170358955854
-55.303954841434944
-55.38869598776101
-55.47472590452433
-55.55460641771556
-55.639316536128526
-55.722914671361444
-55.80383264958859
-55.902185024976724
-55.99658075261116
-56.07696207344532
-56.16775033020973
-56.26890729784966
-56.34614697289467
-56.429231965184215
-56.52167170834541
-56.611672027349485
-56.708183704018595
-56.78060069262981
-56.862502829432486
-56.95566699635983
-57.03944396704434
-57.126292347371574
-57.21290965098143
-57.28443559831382
-57.3544838090539
-57.44538375478984
-57.54674846225978
-57.620770211875445
-57.68339228612185
-57.77765875083209
-57.85212437587977
-57.924806412637224
-58.00580785936118
-58.07891196095944
-58.15368572366238
-58.232074574530124
-58.320222361743454
-58.405918350398544
-58.47686968559025
-58.56085784703493
-58.63383106082679
-58.7216697204709
-58.80206819969415
-58.89028404277564
-58.97533684188127
-59.04567909091712
-59.12536131131649
-59.21110192656516
-59.299424483358855
-59.38438044136762
-59.465971913635734
-59.54196581631899
-59.62635665696859
-59.71406112903355
-59.80115590983629
-59.88951869028807
-59.97092220705746
-60.049625030457975
-60.1096075731516
-60.18345618730785
-60.25091444510222
-60.33650234758853
-60.41506817603112
-60.49353639709949
-60.587413533329965
-60.65279218351841
-60.72907646632195
-60.78712225174903
-60.8496214028597
-60.917396087527266
-60.98313823354245
-61.05723998606206
-61.1162064126134
-61.18622729480266
-61.26438654273749
-61.35148072034121
-61.41454403954744
-61.49574775904418
-61.579587640583526
-61.65052717214822
-61.71625015181302
-61.78049060994386
-61.85658067840338
-61.92357235664129
-62.00906354761124
-62.081789651453484
-62.15254251748323
-62.23311315697431
-62.31754169374705
-62.38128238087891
-62.445185125887384
-62.518138358891
-62.590105931580055
-62.67089755004644
-62.745040831744674
-62.81757497113943
-62.883798986613755
-62.94817091161012
-63.01169157564639
-63.09516748499871
-63.191743958532804
-63.267255837738524
-63.33386603564024
-63.40538429218532
-63.468458697140214
-63.53444059044122
-63.59736423367262
-63.65135292118788
-63.72280729359389
-63.79168680268527
-63.87110689574481
-63.93883319973946
-64.01382519996167
-64.08203870368004
-64.14633922410012
-64.22828952920436
-64.29028418385982
-64.35895798528195
-64.41842759060859
-64.48481102049351
-64.55349685168267
-64.62594567108154
-64.69061568701267
-64.7495536083579
-64.80832738751172
-64.88166019147634
-64.9444704900384
-65.00790688425302
-65.08065682464837
-65.16239935380221
-65.2330110644698
-65.28336174470186
-65.34058857065439
-65.4059927956462
-65.46665230876206
-65.52679371458292
-65.58270199549197
-65.64144657266141
-65.70721252447368
-65.76581686645746
-65.83172963255643
-65.90144679552316
-65.95422097975015
-66.02068816190959
-66.07570869463683
-66.14696815854312
-66.20676055878401
-66.25648575013875
-66.3268490459323
-66.39236563062667
-66.46916418260336
-66.53029621553421
-66.59344807666542
-66.65066050165892
-66.7158847823739
-66.77992144566775
-66.83653720086814
-66.90130596858263
-66.9494033526778
-67.00910184258224
-67.0663474676013
-67.12109787124395
-67.17477332705259
-67.23311135339736
-67.2984816955328
-67.35363637095689
-67.39987814229727
-67.45153833717109
-67.52264813786745
-67.58631223708392
-67.63943725031613
-67.69448719638586
-67.77015880316497
-67.83600481587649
-67.89425597292184
-67.94658784449102
-67.99928534728288
-68.05666643154622
-68.11170864415168
-68.16466903293133
-68.21965603768825
-68.27821891915798
-68.341633797884
-68.38756155252457
-68.45281398093701
-68.51079748392105
-68.57637059485911
-68.63091124343872
-68.68561433738469
-68.74402781558037
-68.79607773274184
-68.85430837488174
-68.90033694589138
-68.9483945429325
-69.00816226243974
-69.05878308057785
-69.11348121130467
-69.16128725254535
-69.22468068850041
-69.29067786765097
-69.35980240416526
-69.41062320250273
-69.4748504537344
-69.53170209640264
-69.58096784198284
-69.63314829730986
-69.6875414161682
-69.74537441313265
-69.79135061883927
-69.83609564578532
-69.8997443383932
-69.9532963129282
-70.01906299078465
-70.07457645380497
-70.13307526284456
-70.17915516364573
-70.24295162928104
-70.31325470870733
-70.36975012153385
-70.42518495708705
