-1.4756841648370027
-2.700745406746864
-3.995845583677292
-5.225596473813057
-6.054067763090134
-6.973030343055725
-7.810751913785935
-8.792912715673447
-9.449724305868148
-10.291382477283477
-11.035250142812728
-11.957496131658553
-12.633059881925583
-13.27935067653656
-14.000004082918167
-14.637478597164154
-15.144182703495026
-15.704137361049652
-16.13562662601471
-16.62421164035797
-17.242551103830337
-17.588453608751298
-18.006275526285172
-18.47396548628807
-18.885676898956298
-19.38361152291298
-19.749835743904114
-20.143105266094206
-20.591620178222655
-21.036382892131805
-21.438922731876374
-21.76696092605591
-22.092778935432435
-22.42002504348755
-22.749764835834505
-23.017801949977876
-23.395322456359864
-23.696103434562684
-23.942670936584474
-24.175188601017
-24.458407170772553
-24.64722435712814
-24.847649540901184
-25.11152292251587
-25.36067932844162
-25.568282694816588
-25.97019674539566
-26.232544894218446
-26.518110089302063
-26.748560593128204
-26.9686279630661
-27.226756541728975
-27.457761969566345
-27.797866723537446
-28.007360904216767
-28.322678995132446
-28.579371173381805
-28.812921235561372
-29.011533162593842
-29.376602094173432
-29.625623321533205
-29.806413135528565
-29.951739013195038
-30.187593202590943
-30.587405652999877
-30.80647233247757
-30.99600870370865
-31.165044124126435
-31.355846519470216
-31.63736794948578
-31.8563659119606
-32.08931450366974
-32.26044077634811
-32.43766366481781
-32.61383339166641
-32.81923530578613
-33.07269665956497
-33.234634697437286
-33.44239168405533
-33.67121129512787
-33.88331582784653
-34.00779010295868
-34.14507906913757
-34.36358449459076
-34.47859845638275
-34.58772017478943
-34.709315910339356
-34.93198544979096
-35.07762132644653
-35.224038577079774
-35.32579170703888
-35.512050623893735
-35.70633995056152
-35.83138278245926
-36.00390964508057
-36.22008296728134
-36.327287368774414
-36.55818170547485
-36.666553966999054
-36.87161132097244
-36.96961764097214
-37.08923782348633
-37.18545710086823
-37.30055166721344
-37.3289523100853
-37.43840927362442
-37.506603524684905
-37.6032093667984
-37.69602129936218
-37.81767187833786
-37.948251926898955
-38.07070795297623
-38.15587504863739
-38.23225289106369
-38.3991061925888
-38.46694965362549
-38.540318946838376
-38.60332472801208
-38.67596913099289
-38.71372810602188
-38.817162897586826
-39.02071571826935
-39.24275205373764
-39.29858187913894
-39.4469851732254
-39.59446325302124
-39.67505945444107
-39.87609701871872
-39.96606314897537
-40.04541314601898
-40.181789824962614
-40.23194962263107
-40.33736465930939
-40.47514739751816
-40.58137682199478
-40.64610641479492
-40.74264239788055
-40.80088671207428
-40.91307484149933
-41.05515422105789
-41.142314360141754
-41.219315555095676
-41.30668143749237
-41.41706996202469
-41.52876567840576
-41.61886265993118
-41.68321690559387
-41.78668810129166
-41.92119396209717
-42.0636026597023
-42.11558213472367
-42.20846619129181
-42.257195167541504
-42.39058332204819
-42.53969140291214
-42.63302862167358
-42.670719707012175
-42.70788883447647
-42.76313979625702
-42.84558973312378
-42.94862412452698
-43.00985596179962
-43.02417487382889
-43.072335975170134
-43.17940700054169
-43.21953666448593
-43.29982643842697
-43.39705370903015
-43.4550692152977
-43.57781136751175
-43.632384071350096
-43.65810378551483
-43.78341537475586
-43.86356588602066
-43.959164593219754
-43.99107231378555
-44.01291239261627
-44.05698971271515
-44.09124069213867
-44.14394230127335
-44.201304421424865
-44.27371732711792
-44.382038536071775
-44.444011194705965
-44.47305771112442
-44.58236903905868
-44.68366843223572
-44.7207462143898
-44.73809325933456
-44.804913122653964
-44.83458569765091
-44.96811469316483
-45.02689656972885
-45.15182735681534
-45.25555072784424
-45.34944989919663
-45.41646108865738
-45.50229208230972
-45.57001590013504
-45.599683020114895
-45.68567310810089
-45.77692682981491
-45.83416666030884
-45.93116271018982
-45.95754707336426
-46.00609332561493
-46.0874556350708
-46.13208744049072
-46.212970418930055
-46.36793053865433
-46.402757246494296
-46.43807766675949
-46.50425637722015
-46.64344558238983
-46.66997972488403
-46.80369627714157
-46.880207941532134
-46.955069415569305
-46.97793781042099
-47.020286672115326
-47.137136523723605
-47.220486199855806
-47.32085159301758
-47.36128102064133
-47.412513833045956
-47.47553963661194
-47.580306570529935
-47.65200428009033
-47.72639807701111
-47.83370254516601
-48.017201614379886
-48.05972783565521
-48.123427057266234
-48.18157877445221
-48.28852983951569
-48.45668969631195
-48.533071525096894
-48.568178749084474
-48.59196016073227
-48.65258223772049
-48.7087851023674
-48.74781981945038
-48.76965821743011
-48.902971994876864
-49.01093598604202
-49.13222949504852
-49.2194992685318
-49.27314164638519
-49.33425737857819
-49.36121972560883
-49.40482964038849
-49.45563584089279
-49.52853302717209
-49.55741018533707
-49.61699633598327
-49.700916640758514
-49.741741018295286
-49.77341671228409
-49.81577048301697
-49.886592295169834
-49.9089168381691
-49.95079691410065
-49.994305386543274
-50.0934086561203
-50.17946556329727
-50.18272889375687
-50.2226011300087
-50.256209847927096
-50.34437253236771
-50.375020201206205
-50.436438331604
-50.476617567539215
-50.500709862709044
-50.618792123794556
-50.63715319156647
-50.66155775785446
-50.70934159517288
-50.7854630279541
-50.81288058757782
-50.84806170701981
-50.92365291118622
-50.93478934764862
-51.01652746677399
-51.07886255741119
-51.13119024991989
-51.18617030620575
-51.25747920513153
-51.27694110393524
-51.32374426841736
-51.42259425640106
-51.43709478855133
-51.47793104887009
-51.515391528606415
-51.5698769235611
-51.60435678720474
-51.6870569729805
-51.73275544643402
-51.76273584365845
-51.794476017951965
-51.8108371424675
-51.834109466075894
-51.863277299404146
-51.92362244844437
-51.97070000886917
-52.03609902620315
-52.07341478586197
-52.10136086463928
-52.15506650924683
-52.18901918172836
-52.29273010253906
-52.392343063354495
-52.395023815631866
-52.441282997131346
-52.49818514823914
-52.52710654497147
-52.57077029943466
-52.642272889614105
-52.655402405261995
-52.677274458408355
-52.763117623329165
-52.778131515979766
-52.80926158189774
-52.83867489337921
-52.8894024181366
-52.92700433254242
-52.94700110912323
-52.97952114343643
-53.02045434713364
-53.07119426012039
-53.12973018884659
-53.221625595092775
-53.27468270778656
-53.329183268547055
-53.35243555545807
-53.41382457256317
-53.4325003862381
-53.48369342327118
-53.546452882289884
-53.56476545095444
-53.60586811304093
-53.67268064022064
-53.761007652282714
-53.80723181724548
-53.84753749847412
-53.89996419906616
-53.92496447563171
-53.97747951745987
-53.984234557151794
-54.033495571613315
-54.08917749881744
-54.174825360774996
-54.202910919189456
-54.2970405626297
-54.31270090818405
-54.37788702011108
-54.45859639406204
-54.49217527627945
-54.572493252754214
-54.58493046283722
-54.634034781455995
-54.6536908864975
-54.70102296352386
-54.72952261686325
-54.73277083873749
-54.761637160778044
-54.79051870346069
-54.8186354804039
-54.83611657857895
-54.86161993026733
-54.917653818130496
-54.93401742696762
-54.936297328472136
-55.00462515592575
-55.00557564496994
-55.02172752141953
-55.06914394140244
-55.07016422271729
-55.11114159584045
-55.13358833551407
-55.13505104541778
-55.189356410503386
-55.19904231786728
-55.310463953018186
-55.34226678848267
-55.38586968898773
-55.434868607521054
-55.4771689248085
-55.496155169010166
-55.521644489765166
-55.580960907936095
-55.59257887601852
-55.61859243392944
-55.63343550682068
-55.64516642808914
-55.67642488241196
-55.68150072813034
-55.70844025611878
-55.760052862167356
-55.768853912353514
-55.81311532497406
-55.83588741779327
-55.84717801570892
-55.89246607542038
-55.900236508846284
-55.960062923431394
-55.9907921743393
-56.01401475906372
-56.03987845659256
-56.08359980821609
-56.09371947526932
-56.150177397727965
-56.182826991081235
-56.22057405948639
-56.25585526943207
-56.27863265514374
-56.30316140651703
-56.304612822532654
-56.33529576778412
-56.39267534255981
-56.394799649715424
-56.41894063234329
-56.44437956571579
-56.45039195299149
-56.483710463047025
-56.48582178592682
-56.49496463298797
-56.51358548641205
-56.52120193004608
-56.54122932910919
-56.560225214958194
-56.57012952327728
-56.610938260555265
-56.63546577453613
-56.69137602090836
-56.73820688724518
-56.743924396038054
-56.78238649129867
-56.78454123497009
-56.78873841524124
-56.821195681095126
-56.85700315713883
-56.9120974946022
-56.94540876865387
-56.98928096294403
-57.03316300868988
-57.06654395580292
-57.14593398809433
-57.15989084243775
-57.20469856977463
-57.2179409122467
-57.22789856672287
-57.23688948631287
-57.256910631656645
-57.32345539331436
-57.38666788339615
-57.3969458603859
-57.43788155794144
-57.469494240283964
-57.48176538705826
-57.52499891519547
-57.527050890922546
-57.58878529071808
-57.60652377843857
-57.6346149635315
-57.64635175704956
-57.69721296310425
-57.70888652324677
-57.76628699064255
-57.79057323217392
-57.87473643064499
-57.890700919628145
-57.916148383617404
-57.97086622953415
-57.978629548549655
-58.016437904834746
-58.02257807970047
-58.04038369178772
-58.05060697793961
-58.05259558439255
-58.053712708950044
-58.065657482147216
-58.0845705986023
-58.08863483428955
-58.10362887144089
-58.1202366232872
-58.13419370174408
-58.139883141517636
-58.14257700443268
-58.15679238557816
-58.17647480487823
-58.18149714946747
-58.184993064403535
-58.211278262138364
-58.21675215244293
-58.24028080701828
-58.25757775068283
-58.284300858974454
-58.300300481319425
-58.34388690233231
-58.372573120594026
