-1.1973169860839845
-2.2273986287117005
-3.0799113097190856
-3.7038429918289184
-4.288716816902161
-4.853349063396454
-5.377744366645813
-5.92816502904892
-6.435220665931703
-6.8976555209159836
-7.405134168624877
-7.896524357795715
-8.434190165519714
-8.884594074249268
-9.32337626886368
-9.723119157314299
-10.153658025264741
-10.598487398147581
-10.995093083858487
-11.409940365791318
-11.800371936798093
-12.20578640317917
-12.581492353439332
-12.985177500247953
-13.374930274486545
-13.780018972396851
-14.178916540145874
-14.548940018653868
-14.959385348320007
-15.362255609989163
-15.765720565795897
-16.15015255784989
-16.522075963020324
-16.881376187324523
-17.265087398052216
-17.63223153924942
-18.01197300481796
-18.376047654151918
-18.702875331401827
-19.065969517707824
-19.42111384296417
-19.780761506557464
-20.12437481498718
-20.480916584968572
-20.81981497192383
-21.165218358993535
-21.474091617107387
-21.78347188091278
-22.123164465427404
-22.473220049858092
-22.844607405185698
-23.164162511825563
-23.49186750268936
-23.817270914077756
-24.144534814834593
-24.449218985557557
-24.740973563194274
-25.075195255756377
-25.357164435386657
-25.67623743343353
-26.002846374511716
-26.3314406337738
-26.635169868469237
-26.981502806186672
-27.260453122615814
-27.573451488971713
-27.874776958465574
-28.16696828985214
-28.462565922260286
-28.781136693477627
-29.037885389328004
-29.349588898181914
-29.671051115512846
-29.99259459257126
-30.348896506786346
-30.674405977725982
-30.964459150791164
-31.256286786079414
-31.540896714210508
-31.84643345880508
-32.13646823644638
-32.4299067144394
-32.7025239019394
-32.9652983136177
-33.248814267635346
-33.5537754855156
-33.84184731006622
-34.121537360668185
-34.425893957614896
-34.74037966632844
-35.04521613645554
-35.37364845848084
-35.68255563163758
-35.966131578445435
-36.245625348091124
-36.551820621967316
-36.82834480333328
-37.113782687664035
-37.39367256116867
-37.70317678070068
-37.98013854074478
-38.27250970554351
-38.576823834896096
-38.85274283695221
-39.148457018375396
-39.42158393144608
-39.706719830513
-40.00021500110626
-40.27582944202423
-40.5550553073883
-40.83610660934448
-41.10867233705521
-41.3851792998314
-41.68644038724899
-41.947592691898336
-42.20584276437759
-42.5123193488121
-42.803804444313045
-43.1076982383728
-43.40529358625413
-43.67747192668915
-43.93813423776626
-44.21736660242081
-44.48674393177033
-44.76255396699905
-45.04468679618837
-45.32531567621231
-45.563993503570565
-45.809275142669684
-46.07165910673141
-46.35087836360932
-46.627852001190185
-46.882746668338775
-47.1551965295641
-47.416109159243746
-47.65313778264899
-47.90803912609503
-48.16764229613857
-48.45377012850109
-48.726377874625356
-48.97998338812276
-49.22651315528467
-49.475272557208406
-49.722765878401304
-50.0061818660435
-50.273877631137246
-50.53649397187484
-50.78899089351453
-51.026255423721516
-51.283893814036716
-51.52177902337124
-51.771387233307486
-52.0134993110456
-52.256548613548276
-52.50102387694308
-52.78925565006858
-53.03735006339926
-53.28819563461603
-53.53630480578071
-53.79115147000866
-54.045960599020916
-54.29053812827562
-54.54515303230285
-54.786630341580036
-55.02458146090257
-55.278039327420686
-55.51322889629163
-55.73664920982561
-56.00011339619286
-56.23517189590555
-56.491408891451975
-56.75407791524183
-57.01501731280277
-57.27390034243935
-57.52583013404043
-57.77424170180371
-58.02857833982769
-58.27921062005194
-58.543727132370606
-58.77927639572245
-59.02989868673525
-59.27371406452279
-59.52025673688085
-59.76681809169366
-60.02639397847025
-60.246395885417336
-60.47640206738524
-60.71283519800086
-60.96727139477981
-61.21405558089205
-61.453136943214815
-61.692879065864965
-61.94870182474037
-62.17397559331593
-62.38821935106577
-62.61841898589385
-62.86505787897111
-63.10046670193422
-63.34153780242017
-63.60006628872218
-63.84004216264423
-64.08540086412431
-64.33762854847156
-64.54510271481463
-64.77799808539844
-65.0221957593968
-65.25442683654082
-65.48648370308624
-65.72144683604492
-65.94425950278733
-66.1834721190553
-66.41185485616482
-66.63526235060942
-66.86601760565607
-67.1010971228198
-67.34179856614064
-67.55914076842758
-67.78709349795392
-68.00034085632626
-68.23816455457084
-68.48240592657893
-68.71536056671644
-68.969464155423
-69.21162767713949
-69.45252682402261
-69.68286252222562
-69.9279758652386
-70.14885124319477
-70.39605072084225
-70.6208343911673
-70.88313808498884
-71.13544986586821
-71.37273680952975
-71.6185494949441
-71.87447618022718
-72.11594473407143
-72.36226069947293
-72.59400401913491
-72.83323004205604
-73.08241113103063
-73.30955487856112
-73.53881761463066
-73.77292684090764
-74.01286700286364
-74.24594339875172
-74.4583705254354
-74.68081093780617
-74.92280864140862
-75.16097454234173
-75.3904663728162
-75.61943199963318
-75.83502463458714
-76.0671873308232
-76.28740150895872
-76.50514985739557
-76.72197805221455
-76.94325704546978
-77.17303973330951
-77.40501530198048
-77.63945884069645
-77.87948827580402
-78.09846701298262
-78.31677500601819
-78.52906722613385
-78.73893509957665
-78.96761177015304
-79.20465924215317
-79.43345524760296
-79.66128655636939
-79.90275411357378
-80.13447995298787
-80.35017439764424
-80.56750218092769
-80.76437043498692
-80.9811978385574
-81.1977650922725
-81.41476242128171
-81.63751005792618
-81.87541389839272
-82.09523786401749
-82.32863315037677
-82.55776141615917
-82.77323689453226
-82.99263458565663
-83.22815808589836
-83.4363620542476
-83.66822719109686
-83.8884035594087
-84.09904821202632
-84.32924139662794
-84.53777049614254
-84.74204015734321
-84.98189448961459
-85.21030980659788
-85.44128936995959
-85.65309658615213
-85.87002630597667
-86.0793668605654
-86.27545843357785
-86.50425628007088
-86.71711450413655
-86.94736403854267
-87.15715983107215
-87.34243895206956
-87.53917438855925
-87.78868719831266
-87.99977037176332
-88.23715522369586
-88.47655410169304
-88.69750798230422
-88.89623209084965
-89.10671615485138
-89.30923174958481
-89.54942300279518
-89.73588572778199
-89.96592226374776
-90.18132786585156
-90.3906714113135
-90.61412928571198
-90.82708484534214
-91.05927694250407
-91.28549103024133
-91.4984315564005
-91.71014178587261
-91.92164455303393
-92.1308127482565
-92.35649702202645
-92.5614025029634
-92.76246779612491
-92.97502186604548
-93.18037192194085
-93.39458617551702
-93.6142922177064
-93.84104737838946
-94.05164816198852
-94.2855457323476
-94.49134923387828
-94.70469356792852
-94.89009659661745
-95.08635502398641
-95.3041951168964
-95.53446794735757
-95.73365522861481
-95.93441400161544
-96.13664197244141
-96.34095130282957
-96.57601487445832
-96.79332087682423
-97.01232531642914
-97.2133916932658
-97.40265581627897
-97.59613157859603
-97.781703639432
-97.99912233141849
-98.2227966334694
-98.42534803691662
-98.64676743818583
-98.84122988128662
-99.03087112286215
-99.22268695239016
-99.40440867233275
-99.61617066554021
-99.80546708749469
-100.03008151084495
-100.22584204232064
-100.40414377202487
-100.63767550297788
-100.84297332422358
-101.0560980689902
-101.26751238546875
-101.46727405773967
-101.6465327442069
-101.86219808272311
-102.08010069114287
-102.28604292583468
-102.4840645351912
-102.70207604880085
-102.89856313856023
-103.11252294450058
-103.33157201265034
-103.56334663832817
-103.74546055311903
-103.93959358897962
-104.14863096096641
-104.34492198944093
-104.54659964210109
-104.74994929163078
-104.95260889756054
-105.15309384255659
-105.34116993221484
-105.53909602988396
-105.76385057630034
-105.97183013213308
-106.15077223426417
-106.35345257465464
-106.55824867486953
-106.76403803391206
-106.9645603495899
-107.16228560299623
-107.36674573288465
-107.56881623130096
-107.7834094717377
-107.9552373586203
-108.18933592377209
-108.4120953388967
-108.63584062091928
-108.86083042624121
-109.05776272409841
-109.25988512247488
-109.4606067335982
-109.67531134472394
-109.9178465401248
-110.12057716909207
-110.32412424807801
-110.52496489984112
-110.72947224614494
-110.95000183594853
-111.16522230667817
-111.3537586463376
-111.5712294383049
-111.78728767548111
-111.97500927997889
-112.1674746549757
-112.38754838122819
-112.60356922322825
-112.80766462077592
-112.99145246749174
-113.20042238609416
-113.40515042468121
-113.63195711780851
-113.82811012812662
-114.04115560142618
-114.23514991501759
-114.44761753677068
-114.648782721143
-114.84544912807566
-115.02146487645099
-115.20939485256295
-115.41076224234232
-115.59993815891366
-115.79684450759389
-115.97841918982958
-116.17718283309436
-116.37662014025136
-116.5755651862998
-116.78774569837671
-116.98688577466261
-117.16893468821677
-117.35300972170579
-117.58265032943928
-117.76331924684423
-117.96238705800708
-118.16919474395952
-118.37877389792389
-118.54601145177138
-118.73183693178078
-118.91565448143609
-119.1135274226038
-119.31693170933976
-119.50878997968374
-119.70125339693773
-119.87533727761318
-120.02501716327669
-120.21514081648776
-120.39916696443055
-120.61582684381385
-120.81257541003981
-121.01033107978421
-121.20109595409191
-121.39453025531769
-121.59525789536927
-121.78143648373454
-121.98110328890147
-122.16159471386356
-122.35229023928392
-122.55300355153335
-122.76946941792339
-122.96097147504906
-123.15415883611381
-123.33379893589023
-123.53012706593182
-123.7417899114988
-123.93674381357052
-124.14893447009861
-124.35658352531188
-124.573852486365
-124.78269141471038
-124.95007438113676
-125.17347717032516
-125.35398682128616
-125.5311928651542
-125.71966191591297
-125.9036289910378
-126.08233522566297
-126.26984004933655
-126.46686782576468
-126.6643342242715
-126.85904036418735
-127.07522738534246
-127.28958827525692
